-1.47686 3.81682 4.56929 1.10567 -4.29156 -1.44084 -4.16206 2.85386 -2.71282 -4.43621 1.2595 -2.57428 2.67648 -4.38666 4.94501 -1.41142 3.32148 -3.73624 -1.22038 -2.01754 -1.58051 0.972274 1.37178 -2.45614 0.752302 1.09423 -2.39166 4.95052 -4.73176 -1.72679 -2.97537 4.35616 
-0.272072 -1.55041 -2.11291 -4.78002 4.71482 3.55115 -1.11905 -0.294931 0.720154 2.86959 -1.49266 1.91326 3.02486 -0.666526 -3.5941 4.73724 1.88398 -3.86089 -1.72719 3.16682 -0.371344 -3.49621 -3.15082 -0.500066 3.41872 -4.24733 4.13542 0.568538 1.60091 -0.645862 0.375406 3.53057 
4.25305 -4.49625 -0.554957 -3.6197 -4.58828 2.81329 3.33768 1.91233 3.61891 0.217516 1.36593 3.91858 -2.21493 3.06068 -4.86417 2.80779 2.88789 2.85077 -4.41568 1.21602 -4.42994 -3.77998 -1.02374 0.453417 -2.97743 -1.32036 3.50533 3.31132 -4.31376 -1.7994 -4.39671 -1.61351 
4.02908 -1.39891 1.12127 -4.24744 0.219328 -3.35112 3.4641 3.70592 2.90758 -4.18454 -1.74307 3.99438 -0.212901 3.80574 1.7065 -3.75446 4.48656 2.05689 0.0823145 -4.28775 -1.64777 -3.85279 -1.91396 2.16885 4.54053 -1.98546 2.80745 -4.70451 0.918005 3.5959 2.96715 -2.97082 
-4.04762 -0.132673 -1.68617 0.0992601 -0.243942 1.71665 -2.94595 -4.62146 3.44927 4.24107 -0.453195 -0.300001 0.447439 3.83035 -3.1473 -4.84993 -2.76152 -1.64803 0.0455951 -4.48312 -3.65408 -1.89167 -4.36313 4.06162 -1.6805 0.66657 -0.419091 -4.89282 -0.516314 4.03183 1.24147 -0.83671 
2.1084 -4.33114 -2.87871 -1.9369 -0.411077 2.99021 -1.39943 -0.0617217 0.281728 0.707184 -2.45509 -1.01872 2.32954 3.53544 0.984896 4.0948 -4.88438 -2.9009 -3.78707 -1.00214 -2.58366 4.11243 -1.77666 2.16919 3.93202 -4.99068 -4.77852 1.3974 -3.6429 -2.43069 -4.46681 1.96945 
1.67998 2.13227 1.57341 -4.00751 -1.05718 -1.83137 -2.52376 2.25472 -0.202254 4.60157 -2.46775 -1.50863 1.17941 -2.61678 2.00685 -2.48584 3.94348 4.13654 0.201611 0.187975 -0.371724 -3.12448 -3.54633 -2.67105 3.0939 3.20231 -2.70663 -3.96178 -4.82228 2.59343 -2.0056 2.16216 
0.399023 -3.37893 -0.754309 3.87255 -4.36921 -1.93105 1.19213 3.55267 1.38045 -0.384553 3.43117 -1.96294 -3.34801 -1.11202 -3.48982 3.36971 0.840575 1.32515 3.95992 -3.40918 2.46104 -1.79518 3.48588 2.42242 4.58553 -1.35652 -3.00814 -4.30163 2.70522 -0.0321914 4.28956 -2.05246 
-3.72702 2.40175 -0.599786 -1.84837 1.09137 -4.14662 -1.11299 2.7943 -0.474796 -1.22059 1.53655 -2.35024 0.186392 -2.12802 -4.77076 -0.454763 -2.8621 0.905009 4.79518 3.33963 -1.68226 2.33759 -2.90308 -3.79111 4.39549 -4.01749 -3.99762 -0.383814 2.03334 -2.88964 4.57623 -1.30981 
0.91843 4.85035 -0.801001 -4.6607 -1.3352 3.11909 -4.49211 4.04815 -4.68269 3.42162 0.680717 4.90451 -1.97046 4.84972 1.48493 3.49475 -0.808521 0.0166006 -0.698625 -4.53171 1.66901 -0.807872 2.11075 -1.24066 -0.283204 -4.66372 2.61398 1.37424 -2.5243 4.10958 0.140087 -3.31123 
4.21987 0.162969 2.65813 0.862063 -4.81775 1.82553 -2.97674 0.570296 -4.78837 3.11992 0.0490132 4.43058 2.2073 -4.72969 -3.93473 4.37395 -0.581074 0.046189 0.430712 -3.83896 4.34855 -4.03826 -3.17113 1.54075 2.1426 0.797914 -3.80154 0.428247 4.49995 2.80862 -2.02049 -1.17859 
3.11676 2.34479 4.17118 -1.62926 1.08045 -1.10455 2.54696 2.36457 -4.84917 0.682486 0.78981 1.20407 -4.26821 3.3843 2.12931 -2.62559 -1.21138 -3.29103 2.06764 -4.78541 -4.31681 -0.927638 -0.0773759 2.60166 -3.83213 -3.29053 -0.507952 -0.689165 -0.969747 -3.2849 -1.2278 3.84869 
1.7462 1.04973 1.30217 3.24668 1.23875 0.437718 2.20343 -2.35303 3.38143 -4.0913 1.37209 3.51973 -4.78604 -4.46595 1.25351 -1.46847 -1.71679 2.8925 -1.98554 -3.18879 3.10705 -3.65892 4.50265 -1.67804 -0.986676 4.6567 3.41698 3.69493 -0.870676 4.87061 -3.07687 1.87628 
-3.60723 4.87775 1.65978 -0.122264 -0.353958 -2.454 -0.262941 -4.34304 3.8782 4.38481 3.54286 -1.10629 1.41393 3.50252 1.31357 -4.40804 3.62568 1.96428 4.24459 -0.246763 -1.97976 2.05406 2.58154 0.804981 -3.10472 1.92277 3.76854 -0.609507 -2.2744 -3.58216 1.71303 -4.60396 
1.8118 -3.27283 4.94884 -1.7084 -0.356785 -0.372965 -3.72542 3.29368 -0.0288951 -3.61184 -2.44682 -3.35252 1.22533 4.77923 -1.79671 3.60898 -1.82069 -1.97294 1.04486 2.53822 -3.3606 -1.37 3.69153 -2.03215 -4.76616 0.831542 -0.166063 -1.55529 -3.97221 -2.65876 -2.59902 -3.19932 
2.67138 4.26888 4.86282 -4.01065 -3.8646 2.92499 2.09622 1.8232 1.96367 3.57004 -1.01887 -3.73976 -1.32381 -1.18874 -2.36073 -3.79677 -2.59438 -0.705471 4.57331 3.88801 -0.485366 -4.84634 -1.42062 -2.89856 4.29516 2.15374 2.35499 3.61518 -1.67118 -3.54517 -1.22885 -1.94591 
4.8476 4.29063 0.621868 -3.43318 1.5481 3.47564 0.218557 -3.8013 3.40832 1.01896 3.65506 4.84728 4.34293 -1.22222 -1.86024 -1.55298 1.72567 1.26369 -3.93892 0.0616861 -1.19457 -3.58084 2.80628 2.21962 -4.468 2.05697 -1.99911 3.24663 -2.03188 0.474194 -2.22556 -3.40081 
-4.1774 1.69306 -1.46489 2.60881 -0.616719 2.10918 4.2979 -0.497115 0.325947 3.26624 -2.57902 0.480038 -4.37856 -0.506705 4.62809 -1.74498 -0.431051 4.62906 1.55244 -2.83968 -0.324316 -2.35612 2.98174 3.98923 -2.65172 -4.7943 -1.14895 4.26485 -0.330124 4.29664 -2.03853 0.145257 
-3.12067 -1.02553 3.59824 0.282126 2.80684 0.672485 4.74425 -0.949 -2.33209 4.8913 -4.11061 4.34858 1.39765 -0.797527 -2.08724 2.81011 -2.58945 1.73493 -3.17447 1.77004 3.15271 1.18932 -3.74934 -1.45079 0.0265447 2.88379 -2.50701 4.08072 3.33958 0.116591 -4.76691 -3.58994 
-1.37055 -4.85354 -4.69773 -3.29863 -1.50388 -0.706334 0.577368 3.19276 4.92834 -1.73186 1.55553 -4.73913 -4.98485 -0.74712 -4.93496 -3.05666 -1.90627 -4.23144 -4.45234 -2.73568 -4.76095 -2.22241 3.76669 -0.335618 1.85759 -1.28179 0.0274551 3.39682 3.11753 -0.488242 2.04202 -0.792561 
0.587176 -0.666291 -3.94607 -4.82352 -1.60014 1.26725 -1.47481 -3.29895 4.66348 -3.21108 -4.01996 -4.74591 -4.03394 3.98778 4.6092 -0.675274 -2.79722 1.6387 -2.32989 -4.22429 3.31686 -2.02207 3.67145 -1.07756 0.911503 2.92154 -0.443369 1.529 -0.859623 3.28287 -2.40258 -4.17665 
2.56997 0.960268 2.77174 2.26021 2.89612 1.1969 -2.01909 -4.23867 3.46694 -4.1266 4.79184 -2.71659 3.50282 3.63432 -1.52214 -1.95587 -4.44361 0.69609 2.63717 2.6677 -3.569 1.48966 -2.68155 -3.38977 4.85574 -1.23453 -2.20843 4.66114 -0.039161 -3.45537 2.7132 -3.78277 
-0.973486 -1.53873 -0.859531 -3.17124 -4.13325 0.557071 1.11691 -2.21681 -0.440154 -2.93414 -0.431569 4.67992 3.16667 2.58002 4.23307 -4.39381 -4.33301 1.09071 3.29369 -3.12477 4.71194 -0.95324 1.41342 1.27779 -1.20452 -0.854114 -1.164 -3.737 0.776321 -2.18428 -3.96455 -3.10884 
3.87263 -2.21187 -1.79204 -4.8237 3.34051 -4.29417 -3.76722 -1.31245 -2.1585 4.43324 0.581062 -1.48154 -0.885256 -1.8444 -4.48699 -3.52211 -3.99457 4.66349 -2.39069 3.48409 -4.60048 -4.68998 3.50235 -3.28272 3.36997 -3.90377 3.81656 -2.85102 -1.04617 2.14236 -3.94871 -2.30057 
1.88433 -3.31555 -0.393719 -4.95163 -2.28792 -3.09387 -0.522623 -3.16322 -2.48679 -3.83883 -3.59168 -2.54874 -1.37735 4.29466 -1.63975 -3.66095 2.94327 -4.14332 2.01907 2.79939 -3.07045 1.47297 -4.46653 -3.62491 -0.438486 -3.62663 -0.0295484 -2.77678 -2.7905 -4.03715 -1.64032 -4.48304 
1.56079 -0.879131 4.76326 3.77587 1.94961 -2.52655 -3.34523 4.85722 2.43282 -1.49922 3.97646 -2.73349 1.02427 -4.02493 -4.09696 -0.74026 0.295552 -4.29338 -3.88166 1.03577 -4.00725 1.93141 0.805252 -4.73453 -0.583072 3.70876 3.8582 2.72181 0.0770607 -3.91101 2.9717 2.76908 
-4.29539 4.69912 3.41625 4.7454 -0.345949 -0.368682 2.7359 -2.52293 4.41779 -3.82475 -3.87074 1.54557 2.36239 -0.158892 -2.00075 -0.389971 -1.93205 3.00937 -3.70012 -4.16894 -2.79835 -2.07007 -2.19078 -2.39085 -3.11355 -0.666417 -4.85324 -0.66559 -0.000166533 -2.96679 -2.66382 1.68003 
0.102493 -0.563764 -0.0811898 -3.69975 0.830511 -1.16107 3.18605 -4.85494 2.47771 0.692438 -0.383191 3.534 -3.38878 -0.057253 2.9958 -2.99548 -0.955863 4.58539 -1.80041 1.99175 1.02326 -3.34612 -1.40929 -1.14378 -1.34581 -1.32595 2.76413 1.83763 -0.271643 -4.91037 -0.456433 0.537351 
-1.2948 4.91625 1.51836 -1.20031 3.3199 -0.497867 3.23275 -3.11303 -2.20393 2.66088 3.65 2.40498 -2.66796 3.49093 -4.24135 -2.0749 1.73781 4.08032 -1.2874 1.23018 2.63163 -0.787019 -0.421706 -3.48959 3.44594 3.66674 0.227076 3.74528 -3.4643 0.330091 0.402797 -2.40794 
-0.659204 -1.49108 -4.62399 1.79451 4.30417 -2.06051 4.85882 -2.06709 -0.297534 -4.70168 4.78959 -4.83329 -2.74736 -0.313509 4.79659 1.27038 -2.91362 1.47504 4.73327 -1.82808 -2.59799 3.54772 2.69704 3.75286 -4.47145 0.749317 2.40118 2.71413 4.54551 -4.65202 0.53178 0.841156 
1.10602 2.13652 -2.05131 -3.24639 1.90957 -2.76958 -2.56676 -1.57465 3.57999 4.05674 1.33262 -2.90646 0.252774 -4.61331 3.11692 -4.49732 -2.19892 2.15445 -4.45707 -2.99312 2.24667 4.41926 1.79384 0.0396546 -3.26247 -1.78912 0.30024 0.360386 -0.980524 4.5514 3.43992 0.270721 
-4.43452 2.39721 -2.16753 4.43175 0.155241 0.439907 -0.789704 0.618039 4.00386 2.73625 -4.47506 -1.41145 -0.019169 4.1031 -2.9973 -2.44255 4.51772 4.5798 1.5102 -1.95514 -4.78478 -1.88212 4.42879 -1.53381 0.552592 -0.846269 -4.0743 4.34824 -4.80931 3.38204 -1.62119 -0.984442 
3.75762 -0.870773 3.1586 1.74943 2.66927 -4.52481 -4.40647 4.11214 1.75323 -2.027 4.33358 2.57382 1.34763 1.81163 1.38778 1.33668 1.51131 -2.1545 -3.558 -4.47964 3.00836 4.37472 2.45209 -3.15029 -2.5883 -4.56315 -0.0434551 0.68988 0.394515 -0.829511 -0.608311 0.528185 
2.26951 4.66148 0.278093 -3.57878 2.14992 2.56766 -4.236 -1.45287 -3.63947 3.48868 -4.267 -2.20334 -0.925725 -2.20489 -3.97833 1.8939 0.0896604 3.38527 0.132119 -2.75468 -4.25611 2.60109 0.161794 -2.7537 -2.23026 0.33471 -2.37528 -2.29979 -3.95949 3.67987 4.08985 4.17407 
1.18038 1.19873 0.144601 -2.95255 0.944634 -3.42544 4.77305 1.03909 -3.98976 -2.83527 -0.213451 1.7309 2.41608 -0.82628 -3.25601 4.65392 2.96677 1.15317 2.19785 -1.12651 2.80512 -3.61375 -1.94895 1.98076 0.565637 1.11226 2.15364 2.83817 -0.496883 -1.07706 -1.51849 4.57125 
-2.70928 1.49166 4.31038 1.36496 4.39146 4.11213 4.78701 -2.14896 -4.8794 0.129668 3.40544 3.39607 3.13039 3.16774 1.85917 0.502946 -0.129541 -2.26479 -0.536355 2.13793 -0.960802 1.88451 -1.29095 -0.116539 -1.67312 2.34938 -4.47577 0.38783 4.91387 3.08615 -1.53623 -0.836636 
2.7278 -4.19997 4.19162 4.62219 -0.111324 3.162 -0.440995 -1.18217 1.62955 4.63679 -1.0286 0.896343 -4.52711 -3.41552 1.0311 -1.52114 1.29085 -4.10263 -2.08154 2.40726 -0.464925 -4.34511 3.7304 4.8925 -2.17291 -3.83629 -2.97119 -2.57323 -3.53709 4.2532 2.4669 -4.83355 
1.46131 -0.671975 -3.54656 -0.0725645 1.34698 1.70872 -1.55375 -3.51218 -2.92926 -3.54906 1.82441 -4.95005 -0.157062 -2.73825 4.54058 0.900199 -1.2344 -0.302447 1.1027 3.81786 -4.8723 1.42161 -4.45287 3.94397 0.347514 -0.779489 -0.199979 -2.88747 -3.80927 1.23928 -4.89617 3.33878 
4.4579 1.69402 4.35298 0.0792906 0.308915 -3.03562 -3.03405 4.37882 3.78321 -2.03323 -2.21716 -3.70659 -4.886 4.37483 4.4413 1.04196 3.40816 -1.34887 1.54387 -1.74593 -1.76674 -2.48398 1.83537 -4.24818 -1.14546 0.83931 -3.92601 0.179088 2.27734 3.79662 -0.243625 -2.1401 
1.99653 1.73423 4.26509 4.77741 -3.13677 0.840713 2.61808 2.12413 -3.48388 1.71807 1.69515 -0.701199 0.963804 -2.88279 -0.0224502 1.30173 2.85442 -2.04718 1.03705 -2.51792 0.0570224 4.76046 -2.32494 -2.58849 4.77738 4.6572 -3.96575 1.35856 -2.26906 0.284003 -4.91308 -2.54332 
-3.14198 2.73556 3.22262 1.87468 -0.988091 3.56035 -1.36078 -3.34114 3.51305 -3.14378 4.7933 -3.8158 -4.74645 2.79872 -1.29324 1.73015 -0.850203 -1.64138 0.61934 -3.91741 -2.7494 -2.50545 1.84941 -3.03054 2.95553 0.0340477 3.08457 4.50332 0.354413 0.643526 -4.79964 -4.19998 
4.00411 0.979704 -2.20992 4.63222 3.77492 1.59565 1.71008 -1.90647 -1.60621 -0.147941 0.0912883 -2.83242 -4.93386 -0.0388443 3.83736 -1.11817 0.0355748 -4.78019 -2.26766 -0.854922 4.57392 1.81731 3.10514 -1.85131 2.21034 1.60386 0.0159461 -3.13628 1.17085 2.06392 4.14106 -2.70112 
-4.6402 -3.98205 3.07337 4.75363 -2.33976 1.67674 2.27888 -4.74349 -2.82536 -1.19043 -4.45174 0.357747 4.09684 1.28963 4.5127 -3.89129 0.479904 3.445 -2.93965 1.54651 4.58987 0.201511 -4.96619 -0.0200945 -1.51081 -1.48994 -1.42397 3.7839 -4.89821 4.60845 -3.3076 -4.18134 
1.06379 2.05373 -4.60028 4.51563 -2.48735 1.24669 -0.235196 -0.22725 2.73206 -1.35435 0.994075 -1.73359 1.1227 4.21866 -3.10283 -4.87984 0.479197 0.689485 4.78095 1.47581 3.02155 3.14716 -2.88397 -2.13223 0.994443 -2.01563 1.30174 -1.42623 4.51231 1.53211 -3.15641 -2.1042 
4.31391 3.04479 -1.41299 1.73928 -0.294038 3.21238 4.47944 3.01053 1.44853 2.36827 -4.16423 1.93306 -4.54199 3.02143 -4.70112 2.79715 -0.75822 2.47344 -2.50258 -2.38292 4.52248 1.14762 -4.78411 1.97533 -2.32826 1.14704 -1.47107 0.00759876 -0.47568 4.72707 4.41931 -3.49058 
1.47118 -2.02157 -3.03464 -2.51249 0.217708 -4.48497 3.92655 1.37454 -1.59603 -2.04276 -0.257834 0.0224927 -1.02899 -3.15909 1.86596 2.6437 -4.79235 -4.61747 4.73927 -2.6045 -1.46958 2.5055 -1.1832 4.05252 -3.93171 -3.60792 2.01325 0.562231 0.443943 -2.58392 4.31937 -2.72426 
4.17016 -2.90015 -4.75582 0.414139 -4.9867 -2.75713 -4.87874 -0.572117 -4.07362 1.38694 3.23228 0.27512 -4.03629 -3.16567 3.88835 -2.97971 -3.18004 -3.64693 -2.80408 3.79987 1.97103 -0.707204 -2.47738 -4.35811 4.61047 2.66794 0.207469 -1.24772 1.45055 3.56863 -1.51701 3.22565 
1.65632 -2.33478 -0.422734 -2.97251 -0.121193 -0.426205 2.54153 -4.16512 -4.43272 -1.71481 1.98597 -1.17458 0.844436 -2.04917 0.598579 1.29301 2.12306 -2.15874 -1.86353 4.41454 3.5142 2.98327 2.57275 1.72268 4.27035 -0.404118 -2.50937 -1.96926 -0.583021 0.246527 2.52186 3.05374 
-3.72377 2.75953 -4.90951 1.84058 -0.256859 -0.30696 -3.2639 -3.3646 -0.0489032 -4.32812 2.73116 1.07916 -1.82961 3.78868 4.55452 4.45456 0.563209 -4.8211 0.260701 4.0458 -1.93438 -4.28169 1.23452 -3.1809 -0.42685 0.804217 4.60277 4.89427 -3.61703 -4.10666 1.39023 -3.43641 
1.7909 -1.25682 2.21051 -4.40424 4.83624 1.4646 0.126824 1.58255 -0.106061 -2.49093 3.66762 1.82797 -1.99736 0.111563 -0.12596 -1.68649 3.85099 -3.63043 -3.85863 -2.9579 1.36062 4.49806 -3.99184 -1.62866 3.3772 0.82228 3.96914 -1.18455 -4.25555 -4.55867 3.77285 -1.72004 
-2.55518 -1.66354 0.451933 1.00163 -4.60569 2.10737 -3.3925 0.83112 1.23161 -4.74087 -3.27933 2.23992 -3.07138 -1.39355 -3.42625 0.245288 -3.65787 -3.54573 2.99713 1.53281 3.20396 4.62422 3.12707 -0.537938 0.357839 -4.6147 -0.600875 4.46171 -0.359227 -4.35481 -3.42473 2.57101 
1.78121 -2.0213 -4.01833 3.79247 3.71533 4.6222 -4.06744 -1.06905 -1.63331 3.89875 1.32701 3.73184 -1.43875 2.40653 -1.06338 2.37918 0.00370456 -4.5176 -4.70462 0.294274 -2.96859 2.52297 -0.753021 3.65333 -0.968006 -2.67041 3.00902 2.04539 1.92206 2.22308 -0.669039 3.80077 
-3.52567 3.06326 -4.29443 0.0108575 -0.79507 2.74426 4.79757 -4.80405 1.23285 -3.74562 4.19437 0.378672 -4.08205 -4.55145 2.61662 1.00794 4.24103 0.746015 1.96193 2.3087 3.1826 1.13696 3.89881 -2.62268 -2.99145 3.36899 -4.38348 -0.0961734 3.56302 -1.50516 2.25422 3.07046 
3.67158 -0.260506 0.836844 0.972982 -0.579532 -1.13129 4.57944 2.17262 -0.420019 -0.465825 -0.307531 4.47102 3.5775 -4.53253 0.863359 -4.03103 2.84099 2.75403 -1.78682 1.94406 -4.93375 -4.15096 2.70206 1.1629 -4.63002 0.806053 2.39796 0.0758285 1.16328 0.0185381 -1.33716 1.88711 
0.960157 4.01397 -4.43531 -4.55337 -3.52518 -3.69067 4.91232 2.2971 -1.9287 -4.08527 0.479982 -2.81696 -2.16052 -0.716674 0.251677 -1.34825 4.7683 3.05903 4.6779 3.48092 -0.485129 1.91308 2.39034 0.971482 1.2842 -0.144298 -2.72031 -3.17591 -3.59164 -1.72362 1.92389 -2.37296 
-3.68132 1.59407 4.81721 0.402226 2.70014 4.7427 -1.82261 3.19768 1.12257 -2.68214 3.01032 -4.80054 4.3605 -3.82048 -1.63905 1.7039 1.23637 -3.42369 2.68022 2.09004 -3.42142 -3.36269 -3.78115 3.53201 -1.49323 -1.18674 2.34327 -4.21009 -2.60899 -4.01737 1.61226 0.943858 
-3.02445 3.5352 2.88507 2.78664 4.43893 4.2311 -1.96856 -2.19874 -1.16409 2.60847 -3.87855 0.945898 4.85274 -4.34879 -0.548042 1.49198 -3.81565 -0.162615 -2.24892 -4.05947 -0.286752 2.52971 3.82123 2.05724 -0.431472 -1.90085 -0.298588 -1.71279 1.49312 -2.04284 3.49608 4.26909 
-4.44863 1.56838 0.423406 -0.971237 -1.9814 0.956176 2.90449 -1.42586 -2.7256 -3.10452 1.33262 3.1061 -4.98507 2.74279 3.03132 -3.92664 -1.45412 3.20022 2.92857 -1.70429 -3.97006 1.54602 0.279334 -4.53427 -2.48792 4.40631 -0.477411 1.42874 3.34446 4.90233 1.78421 -3.87787 
-3.43467 0.25249 1.67193 -1.92041 0.616759 -4.07096 -0.527588 -4.71338 -4.06398 3.70149 -3.5052 -3.45336 -3.37695 -2.69153 -2.03084 -0.631228 3.35365 -3.7215 3.87759 1.05467 3.49044 0.821812 2.43338 3.14773 -4.26632 -1.45488 -1.62072 2.40943 -0.94614 -2.70567 4.92461 -2.62956 
-1.23585 0.437488 4.40866 -3.49792 -3.91738 -3.9756 -3.97276 -2.27387 2.0982 2.8357 4.70921 -3.88658 4.62785 1.71608 -0.121648 3.78506 4.65042 3.50341 0.37852 -2.18247 -2.08794 -4.47033 -2.45805 1.79899 2.31615 0.692948 4.59974 1.32896 3.45755 3.20742 3.78097 3.85247 
2.59315 -2.49443 -1.87473 -1.01707 2.5383 4.92918 4.57615 0.0601004 4.16371 -2.65915 0.754284 -4.80061 -3.3286 2.24844 -4.71825 -4.49564 1.1864 -3.08285 4.38674 -4.60918 1.4642 2.0361 -2.93837 4.06303 3.91689 -1.49543 4.08596 -4.3601 -2.05338 1.8194 -1.27622 2.84754 
-4.08395 1.43464 -2.46789 -4.35658 0.0188455 -1.71167 -1.35646 4.5455 3.01482 -1.94698 -4.82831 -1.81273 0.508177 -1.6109 1.3709 0.904474 -1.72441 -0.0188937 -0.386864 2.83148 -3.81902 -1.60335 3.46029 1.6445 -2.55563 3.74291 3.83007 3.01377 -2.59815 -0.101867 1.05835 4.24735 
-3.79885 2.33583 3.16771 -3.52747 2.78755 4.57168 4.29124 2.7222 0.500052 -4.32744 1.13263 -1.81455 2.56688 -3.78249 -2.2136 -0.223126 -4.98553 -2.35203 -1.71461 -3.19279 -3.15008 -4.42112 1.50851 1.63594 0.629607 -3.47917 0.808276 3.37756 4.48935 -4.68636 1.75914 -1.21029 
-3.71632 3.87787 -4.37008 -0.784767 3.58892 0.56853 -3.73563 4.62503 4.23163 -4.64241 -3.1343 -2.74975 1.51731 -4.1719 -1.02522 0.0135492 0.934624 3.21706 4.65441 -1.98645 3.80883 4.86421 2.71988 -2.67762 -2.96545 0.00318019 4.82965 -1.03653 -1.31464 -0.693883 0.655349 -4.99469
