-4.43334 0.252264 -1.25475 4.86914 0.150687 -4.76951 3.30439 4.44788 -1.40803 -2.05159 0.0749794 1.82628 0.907262 -3.46191 -1.62492 -1.56453 -0.852342 4.55834 -2.71287 0.711323 -0.812606 -1.7749 4.94474 1.11732 -2.30149 -1.64218 -0.686812 -1.92647 -0.98252 -0.434913 -0.440533 1.0987 
1.52936 1.05897 -2.40354 1.7965 3.89106 -3.52362 4.93842 -0.0669426 -2.72891 -2.97716 -2.22347 -1.60312 -4.04824 -2.93464 4.44549 -2.99801 2.26583 4.10169 0.929417 1.20643 2.35122 3.47577 -4.03313 2.80901 -0.568584 -0.566672 -1.42001 0.560875 -4.61036 3.62925 -0.351478 -4.32329 
-4.59768 3.21627 -1.22432 -3.65182 0.459728 1.57946 -4.16139 4.30674 2.45033 3.48633 2.26667 4.97472 -0.00153438 -3.33912 -0.460499 0.32058 3.66453 -0.959484 -0.996769 3.12826 -3.094 -3.80492 0.542298 4.86498 4.82161 4.91529 4.50326 4.17512 3.39175 -3.67608 1.74836 0.7929 
-2.79268 1.36809 -1.51433 -4.82828 4.31437 -4.6116 1.12095 4.05981 1.1452 3.9136 -0.768142 -3.29011 -0.28736 0.0791578 1.036 -2.89852 0.698027 -3.57098 -4.2659 -2.33033 -0.941066 -2.72443 -3.13184 -1.41699 1.46803 -3.58747 -3.96876 1.75772 -4.23903 3.542 4.07372 0.110633 
-4.16284 2.92957 -1.62084 -3.79257 -3.50311 -1.79248 3.50845 -2.30948 3.34055 3.44171 1.02297 1.42257 -2.86653 -1.43495 -4.12909 -1.00514 4.85698 -4.44049 3.21366 1.6539 -3.64079 4.51505 0.43207 3.69704 1.16214 4.16852 4.71272 -4.90495 0.757303 1.76948 -4.34712 -1.68532 
-0.17199 -0.409463 0.243206 -3.48813 -1.43238 -4.84424 -3.53176 0.149101 3.32082 3.2209 -1.30426 -0.681498 1.47291 2.86838 0.841278 1.73215 3.74684 0.80859 -4.84971 -3.55487 -0.155367 -3.85489 2.62649 -1.63889 -1.59122 -1.36735 -4.25085 -0.0648427 -2.37561 0.35583 1.6033 -0.761418 
-4.65845 -3.15717 2.7245 -1.32802 4.2162 4.24731 -0.979902 4.40343 3.80745 1.27168 0.673079 2.1418 4.70931 4.65993 4.2653 4.94623 -1.36711 -1.7756 2.34685 -2.17865 3.97077 0.956012 2.93277 -1.9749 -0.61489 -1.96204 2.8363 0.578413 2.49501 2.31783 -4.73511 -3.26839 
2.07263 -3.24273 -3.755 4.36471 3.25185 -2.90896 3.11275 2.12506 1.19339 -2.18643 -0.269042 -0.84762 -2.88147 0.633527 1.72338 1.57498 0.374737 -3.96976 0.256555 4.14402 4.30705 1.24379 -3.54049 -3.46612 -3.74798 0.0124449 4.74092 2.29549 2.66064 -3.29942 2.48641 0.869868 
1.35572 3.46168 -0.715051 3.96625 -0.918776 -3.04116 4.53116 0.743101 4.62921 -2.90264 3.36434 -2.96437 -2.75591 -1.91431 1.92376 3.58877 3.83045 0.783043 -3.15441 3.00247 -3.4896 1.61757 1.73793 0.111229 2.96583 -3.64657 -1.25282 4.07353 -3.83699 -2.0199 -1.42647 4.38081 
3.23502 -0.995681 2.38211 -3.27607 -2.77325 0.812411 -3.12547 -1.12948 -2.5907 -2.33712 4.15689 0.275745 -0.425815 4.48995 2.77226 1.62531 -2.93444 0.751466 3.1036 -2.0819 -2.28266 4.33918 2.63678 -1.59036 0.69482 -4.74189 0.792593 -3.45799 4.95119 -2.74621 -3.58902 1.71327 
0.157081 -4.84353 -1.46091 -2.28968 1.96046 -4.95252 -2.71595 -2.42385 -3.6429 1.23756 -1.08017 -3.27111 2.16288 -0.838399 -4.36644 0.998595 -1.54749 1.60051 -2.14106 0.400616 3.14207 4.82844 0.317397 -4.48245 -4.98437 0.128753 -2.60813 -0.349425 0.945453 -0.135291 -0.542309 -3.38628 
-2.0379 -0.291604 -1.39771 -0.720332 -1.8991 3.0498 1.78446 -1.44017 -2.60427 -2.77703 -4.56658 1.65727 -2.97686 4.96313 -3.57412 -1.53933 2.73802 -1.04748 -0.284447 4.41226 -4.42297 1.19604 2.53623 0.256594 1.11895 -3.46885 1.12803 0.900429 -1.57474 -1.46179 -1.74007 -4.71161 
-0.493125 3.68681 -1.40122 -4.52485 2.8652 -0.54677 4.31587 1.2361 2.57597 -1.18986 1.80896 -1.46268 -4.9671 -2.05699 2.59918 3.44731 1.04864 -1.80486 -4.00229 4.60707 -1.26742 -1.73984 -1.97707 -3.56243 4.83462 3.74404 1.12595 2.44527 -4.13492 -1.49032 4.32086 -3.30316 
-0.512011 -1.48918 -2.22372 3.08442 -0.476132 1.11907 0.415476 2.38359 2.33965 -0.780676 0.678721 1.17205 -0.300736 -4.01533 2.73838 -1.68861 -3.59774 -3.13463 4.37276 -0.597851 -3.30729 -3.27545 -1.12741 -4.71559 1.59956 3.08319 -2.31559 1.23277 -4.48781 -3.68527 -4.2557 -0.573885 
1.14477 3.05772 4.76808 -4.35864 -0.501133 4.75275 -2.51475 2.18884 0.481101 -2.48084 -1.23117 3.63207 -0.664838 -1.11379 -1.09193 3.38127 1.13017 -4.84122 -4.27811 -4.88086 2.49 -2.56253 4.05325 4.57746 -4.19838 -1.46713 2.53104 -1.17302 -3.10827 4.51614 -3.87806 1.52368 
-2.32116 0.499121 0.971487 -1.84578 2.34638 1.64417 2.44722 -4.25806 -2.21498 1.51559 -1.93117 3.57827 -4.60433 -1.79842 4.94964 -1.70859 -2.12079 4.06279 -3.22031 4.07708 0.402681 2.05058 3.12406 -1.92832 3.07034 1.12228 3.66933 1.19444 -4.7721 -4.22385 -4.75106 1.49179 
4.17738 2.20454 -1.25489 -1.9641 1.83242 -0.595927 4.51837 -1.5296 -4.56071 4.31827 4.26965 -2.12236 3.62868 0.534263 -4.7446 -3.02789 1.00862 2.6109 1.91642 -0.166299 3.4681 2.27976 1.56406 -0.352137 3.85872 -3.54473 3.20845 4.53283 -1.30834 -3.04212 -0.668289 -0.88169 
-1.56273 -1.51976 2.90452 -2.49997 -3.2673 -2.61348 1.17421 0.418298 -1.18293 2.61059 -3.54167 1.46555 4.84227 2.07794 -3.22382 2.50969 1.04313 -1.36194 -3.07318 -1.34125 -2.93975 2.70804 1.05982 1.97498 4.53324 1.33067 2.63374 -2.47849 -3.55408 -3.59159 -4.41862 -0.84693 
-2.3845 -4.75671 1.81594 4.71687 2.28098 4.29762 1.83095 4.73685 -4.81543 -4.88842 -1.17821 -4.13624 0.0235552 1.82331 -2.73507 1.35175 -1.57596 3.1886 -4.09295 4.58917 -0.0695665 -4.93832 -0.158095 -3.29159 2.19648 -1.42345 0.560119 -3.02637 -4.67567 2.88004 3.32587 2.57007 
-0.619057 -1.78165 1.88187 1.88291 -4.57193 4.84961 -4.58625 -3.24484 -0.679573 -1.86152 3.75703 0.573087 -4.13747 1.05149 -3.29016 -3.81735 -0.324852 1.96889 -0.521893 -4.34557 -1.21054 0.29783 3.54939 -2.77137 1.92308 1.52198 -4.56437 3.62329 2.80132 -1.14016 3.94648 -4.45206 
4.55419 -4.10887 0.395426 -0.0435448 4.68794 -0.495693 4.48277 2.38175 1.91224 -1.95861 -4.04288 3.28165 0.219728 1.40998 2.49198 -4.94015 2.89952 -0.248525 2.66905 -0.28274 0.00124278 1.1678 -4.58513 -3.45921 1.64366 1.48107 3.18533 4.82872 -4.25722 3.55332 -2.83548 1.67496 
0.745528 3.81435 1.71349 4.47892 4.45602 2.44946 1.20409 4.57906 0.468383 -2.65718 -2.95993 4.39508 -2.79732 -3.09948 2.01742 -2.87379 -1.918 0.267575 -1.27384 -1.7437 -0.0560717 -4.62807 1.35529 0.705637 2.62048 -4.82955 2.42273 2.68477 -4.49163 1.83608 4.42664 3.99601 
1.57522 -1.16736 4.44416 4.19685 -0.936628 3.91781 1.22458 2.56684 -2.49064 -1.31992 -3.14531 2.33224 1.78814 3.61178 4.18394 1.5258 4.76934 -2.30892 4.59506 0.0335675 -3.56993 3.08245 4.61382 -3.00965 -4.49829 -4.81074 2.90471 -0.616636 4.66951 -1.87866 -3.50646 4.68797 
-0.390081 -2.95927 2.06915 1.07496 3.95713 3.37754 3.9853 -3.99908 -2.24421 -1.09758 4.55904 -4.37619 -4.25466 -0.550837 -0.925799 3.28995 3.57541 -3.71857 -1.21637 0.0379314 -2.69924 0.0249906 1.88635 1.03721 -4.81705 -3.07228 3.89373 -2.60221 3.8142 -4.82775 1.4883 0.127736 
-0.774713 2.38422 -0.974162 2.58945 -1.9856 3.52912 -2.31906 -1.50521 -4.32855 -4.07517 0.510698 -1.00604 1.32325 -1.38177 2.12059 2.61653 2.48899 0.63067 -1.4864 -3.02569 -4.02686 3.67641 -1.87821 4.07766 -3.78694 1.43901 4.20098 -3.70666 -1.51622 -1.02969 2.63607 4.15353 
2.37614 -3.0233 -3.17208 1.91069 -3.59447 0.274829 -1.81822 -3.11157 -3.51703 -0.0352431 1.74178 1.474 -0.348593 4.11458 1.81105 -2.60559 -0.811566 4.60592 1.44293 -0.342008 1.08457 -4.08139 0.0735645 4.38457 -3.06938 -3.76077 3.67321 -1.88319 1.03968 3.52696 0.893059 0.277941 
-0.965001 0.454669 3.75241 -1.68463 -0.820793 -2.56875 -4.73684 -3.0824 3.94435 0.747764 -4.56937 0.494302 -1.77645 3.7997 2.34685 -3.77969 3.93286 1.36973 -4.091 0.971597 1.51234 1.5589 4.628 -0.370036 -0.804625 3.99315 -1.74179 4.57136 2.33487 4.80954 -4.56642 -3.18337 
2.00696 -0.546635 -0.246354 4.1983 -0.272834 -4.48703 3.08051 0.986168 -4.72591 0.158778 4.31219 -0.0134852 -0.764547 -3.78942 1.11183 -4.05151 -1.84166 -1.90125 2.69368 -1.30824 -1.73754 1.54417 3.82244 -2.54191 4.00976 -1.44755 -0.654778 -0.780033 4.59531 -1.96699 -4.93577 -2.57802 
-2.78036 -2.06419 1.88884 4.64882 2.14169 3.87042 -1.46136 1.63186 4.3325 3.23246 3.12585 0.304828 4.47308 3.90434 -4.63651 -2.00121 -1.12996 2.56329 1.41075 1.29953 -0.765192 -2.92351 4.25093 3.61394 -2.43808 1.6392 3.76276 -3.12433 0.940422 3.788 2.51123 -3.55921 
1.35172 -3.95428 3.41356 -0.758374 -3.85355 -0.137033 0.467067 -3.79394 4.93542 -0.239448 -3.78513 -2.60825 4.33314 0.0721349 -3.75367 2.01536 -3.41021 -2.72621 0.447935 1.19183 -0.941521 -4.03123 -3.53645 -4.33426 3.67383 -3.28306 -4.15009 1.22598 -2.12066 3.15182 1.21226 3.67124 
-0.18202 3.08681 -2.4715 4.72936 -3.94751 2.07812 -1.72893 -1.16081 -4.86548 2.05029 -3.66306 -2.42641 -1.70045 -1.52985 -3.20761 -2.66854 -0.642097 4.59845 0.43842 -4.23009 3.29157 3.12651 2.61096 -3.5391 -1.73882 4.05388 -4.55261 -2.18028 4.90062 -2.0942 -0.0676168 -1.50534 
1.18286 3.51038 1.44035 -4.21948 -4.08736 -0.550898 3.15057 -0.356918 4.93673 2.56445 -3.11449 2.90218 4.00043 1.15642 3.83227 4.03612 -2.81787 4.26557 2.56776 3.89195 1.73073 -3.06877 -1.88542 1.93204 0.612213 0.655338 4.00767 -2.71404 2.26203 2.19782 1.27226 -4.55959 
0.370883 -0.362625 2.39428 -1.63387 -4.02109 3.26917 -3.44824 2.78811 2.80342 2.65074 3.12592 1.6479 0.320197 -1.7697 -0.229737 -4.18882 -3.74331 3.75531 -0.0816497 0.926637 2.65247 2.31613 -4.84676 -2.23073 4.71331 3.05143 0.435773 2.29071 1.457 3.7868 0.554186 -4.15239 
-4.66553 -1.15687 -1.45746 -0.281738 -0.322119 -3.86227 0.88795 -0.558979 -1.93873 -0.0421431 2.73266 -1.56786 1.92318 3.59046 -2.56353 4.95581 -0.103602 -3.93487 3.92247 -3.41209 -2.04289 -1.79806 -3.38765 2.91676 4.26526 3.98499 1.46611 -2.57394 -2.91363 2.29527 1.63337 -0.48869 
3.70498 1.75725 -3.02279 1.55195 1.97109 -4.26412 -1.20187 -4.19053 1.78744 -1.5338 4.07259 -1.05011 1.28069 -4.49185 2.45493 -3.34438 -0.502791 4.01453 1.86528 2.73193 4.44782 -1.20415 -3.54067 2.57939 0.358131 -0.474573 1.91377 3.59788 -1.7175 0.263448 4.03591 -4.97923 
2.49385 1.21797 -0.428602 -4.09122 1.48005 3.02296 -3.41495 -3.90097 4.21945 -2.58425 0.63373 -2.05835 2.75613 2.92405 1.36647 -4.61871 -1.64316 -2.85761 4.49171 3.87286 0.763233 -4.29156 0.807213 4.54528 4.08887 -4.94665 -1.09495 4.3939 4.27073 -3.57488 1.07656 -4.92656 
-2.57621 -1.06938 -2.66429 0.3393 2.90427 0.82821 -4.10257 -4.70877 -2.38317 -2.71577 -0.660922 -2.99132 3.95458 -2.53188 -3.60853 2.12794 -3.30891 2.34936 3.7061 -4.11235 1.99591 -0.190485 -2.02508 4.8846 -3.77292 4.80876 -0.392531 -4.67446 4.44188 -1.28279 1.71923 2.42659 
2.01248 2.54537 -2.74626 -1.43871 -0.106413 -1.04019 -1.91243 4.89368 3.04154 -2.54179 1.76053 1.11756 3.95536 0.134365 -2.64459 -4.62314 4.18318 3.71835 0.369843 3.61284 -2.29317 -2.47671 1.55946 2.993 3.83524 -3.96171 1.81506 3.17193 0.717263 -2.44288 -4.93913 0.181504 
-2.82375 4.49184 -1.56914 2.82104 -2.18453 -3.63763 0.536465 -3.48549 1.00407 3.68152 2.33666 3.98303 4.02579 -2.66165 2.04047 2.93607 1.77232 3.35487 -3.32115 -0.213723 -3.53734 2.00523 2.99864 -2.4848 3.38722 -4.81606 1.94258 -2.16302 3.74311 3.66682 1.63782 -1.2506 
3.63066 1.64354 -0.463992 -0.971973 -3.70307 -3.14887 3.03247 -3.77992 3.97969 2.07962 -0.560164 -1.30498 -4.58032 -2.34916 -0.523001 4.21993 -4.83427 -3.3859 -2.59536 -3.5325 -3.31411 0.679145 3.66682 0.936883 -1.59374 -2.69142 0.0107546 -2.92197 -4.80523 -4.87709 -0.033132 -1.00504 
-1.65911 -0.105824 0.375678 -2.80471 -4.13821 -0.615024 2.94376 -2.88725 -1.55767 -0.893177 -1.37706 -4.95393 2.23669 4.5329 0.0995762 -4.89502 4.4354 -2.61966 2.62115 -0.134702 0.903771 -0.524985 -0.762632 -1.79594 2.54508 -3.66695 -1.15047 -3.31987 -3.03331 -1.36144 -1.34752 3.71004 
-3.03862 -4.90709 1.40875 1.68626 2.52106 3.3358 -0.805253 -1.70556 -4.11276 -1.95389 2.05463 1.22205 -1.61825 -0.255545 4.00124 0.935346 -4.53177 -1.93676 -1.48644 -2.25616 -1.56406 -0.991448 2.81666 2.32464 -2.29903 2.96318 -1.28715 -0.234602 4.00233 3.51944 -1.34739 3.51159 
-3.74525 3.46549 -4.86098 3.76921 1.92822 4.94148 -2.76834 0.703985 1.11512 -0.414677 -4.64533 -4.50327 4.18732 1.60598 0.0411348 -1.37016 -2.40804 -1.05455 -4.14296 3.90508 -2.95542 3.395 4.07697 2.6293 -0.717523 -3.78382 -4.36187 -1.17339 -2.56924 -1.33313 -1.64073 -2.56509 
-0.143912 -1.1118 -3.12283 -4.42127 1.94693 -3.74862 1.3232 -1.4961 -0.768422 2.71121 -0.60046 -1.62055 0.350858 2.82944 4.15903 -0.595607 2.13046 2.60791 -3.72657 4.44336 0.52385 -0.87229 2.51311 -3.38332 -4.92122 2.07487 1.01999 -1.72255 0.989249 -1.37787 -3.09028 3.25729 
0.0769203 -1.71495 1.74997 -0.355947 -4.14889 2.25038 -4.42599 -2.48232 -3.78468 4.17732 -4.45384 -3.78506 -2.36127 0.190456 0.253358 -1.22128 -0.468431 -1.20495 0.344292 2.88757 0.246097 -3.78419 4.47534 -1.67484 -1.55439 3.80843 4.15099 4.59734 4.31644 -2.98374 -4.87711 2.49503 
4.94025 -4.27461 4.1622 -1.21102 -0.0807434 -4.70437 4.30368 3.87684 0.913935 -1.19525 2.89869 -3.46926 2.41653 -4.16477 -2.18782 -2.35585 -1.16001 2.59343 1.8663 -2.1754 1.32132 -1.47165 -2.72517 -2.85926 -0.0332407 -2.16564 -4.27076 1.9475 -4.39993 2.83085 1.14308 0.814408 
-4.58957 -0.605562 1.86847 4.32765 0.952726 -2.59869 -0.569398 3.54376 -4.99477 3.34752 4.14692 -1.94792 -0.442686 1.66347 -0.212684 0.115684 0.496343 -4.8134 2.98775 -2.7638 -1.78089 -1.29303 -2.39959 -0.937196 -2.36683 -4.75828 -2.85554 -0.320971 -1.21364 -2.48485 -2.38413 1.38115 
1.70811 -4.81678 -4.94038 1.27003 -4.87582 1.95597 0.568112 -1.72088 0.554658 0.658447 -2.1547 2.71869 1.11328 3.55436 3.8863 3.5719 -2.93851 0.465239 -0.644653 2.87711 2.45071 3.89924 -2.02221 -1.05967 -2.74446 -1.75107 -0.497214 -3.1827 2.25787 0.512233 -4.57481 2.22034 
-1.12018 0.515361 1.95087 -1.46059 3.90538 -4.00425 -2.74716 -3.79064 -0.328836 0.340149 -0.664375 -0.805172 -1.21173 -0.867783 3.93289 2.29945 -1.50473 2.28921 -3.14023 -2.4163 -4.2224 3.87278 4.25444 -1.27611 2.97783 3.57824 -4.14942 4.13746 2.71014 -2.18514 3.66926 1.80543 
-4.31329 3.17758 3.03251 1.97348 1.84449 -2.9007 3.3787 4.38304 2.29803 0.590845 -1.3352 3.01388 -0.309504 -2.02728 -2.28324 4.39743 -3.78122 -2.58864 0.940042 2.52315 -3.47874 -2.05347 1.51939 -1.80664 2.40316 -1.41875 -3.73881 -4.5653 0.188046 1.57102 -4.30587 -2.04527 
-1.4198 -3.2265 -2.83164 -0.0641777 -1.3592 -1.28641 -1.84257 -0.238794 2.05332 1.9619 -0.142451 4.95794 1.77515 -1.98988 0.167558 -1.76201 -3.86703 -3.55597 3.40837 2.58335 2.21791 4.19594 -3.27709 -2.03213 -1.95784 -4.36993 4.99151 4.53612 -2.33128 -1.26737 -0.0921116 -2.47273 
2.47662 -1.24384 0.450391 -4.16491 -1.10324 -0.682474 0.576371 -0.540073 3.68053 3.51579 3.99914 3.79731 -2.08477 2.14753 1.87325 -0.966138 -3.1018 -4.88181 -0.136537 4.67872 -4.20261 1.62718 2.11768 1.945 2.75908 3.20645 -0.0936617 -1.38831 -4.15535 1.17023 4.01348 -3.91766 
-1.2297 0.3484 -2.54888 4.08068 1.65467 -0.441688 4.60746 4.48852 1.81315 3.09761 1.84943 -0.586004 1.99648 -1.30953 -1.81889 4.70546 3.00968 3.67375 -0.608355 -1.564 1.80092 4.72224 3.50567 4.06077 -4.67708 1.91647 0.593269 -4.42565 -3.58992 -1.70977 -1.50536 -0.297125 
2.13412 2.81644 3.83918 1.97571 -4.30233 4.19602 -1.50806 -3.25214 1.47244 -0.822878 3.68742 -2.16163 -2.48518 4.57175 1.70199 -1.27461 -2.19313 0.359708 -1.38783 -3.978 -4.56081 -0.543371 4.35951 -1.05681 4.0733 3.67122 -1.88178 3.93019 -0.582895 -0.683245 2.47082 2.22208 
-1.06134 -3.29272 0.711573 -1.70114 3.31142 -0.938186 -0.710298 -0.974347 2.82662 0.351253 1.29763 -4.52164 -0.178621 2.93513 -3.51127 -0.0067378 -1.23005 4.8028 3.5979 -4.02777 2.81947 -2.63667 -1.83649 2.76246 -2.2412 3.75667 1.00589 -2.51658 4.67438 -1.10379 4.13299 -2.81887 
0.291016 -3.41893 2.16743 0.246627 3.34493 4.73732 0.189418 -3.88344 1.89098 1.71158 1.82635 2.98759 4.89854 0.584337 -3.80746 1.32024 -0.378642 0.0661862 3.08351 -4.25192 -0.690721 1.10173 4.85219 3.95108 -3.50729 0.811822 -1.04005 -1.31737 0.968676 -1.5266 -0.539761 -2.54807 
2.89844 2.91173 -0.786824 -1.35766 -2.84529 -4.11841 -1.8609 4.25281 0.700219 -0.619883 0.832705 2.55798 1.62124 4.58406 3.56327 0.56244 -1.9456 -2.05427 3.4175 4.52136 0.395956 -4.09063 -1.34871 2.73923 -3.23934 -4.06023 -1.56269 -0.335901 0.203332 4.9515 -3.6969 0.275246 
-2.37689 -1.21029 2.84813 -3.7328 -0.458993 -3.9292 -3.17447 -4.08822 -1.70836 1.24992 4.55007 1.35587 -4.55924 -4.5375 -4.62688 1.18761 -2.99217 -0.669001 2.61355 1.92233 -2.58921 0.57376 1.56752 -4.91826 3.53745 0.751716 1.76392 4.85217 4.62658 3.45062 1.76835 0.903942 
-3.04337 4.7006 2.94394 3.88258 -3.84716 -3.53589 -3.89798 -3.94587 -2.86197 0.00659939 2.21587 -0.263996 -1.61704 -2.96054 -4.26285 0.898433 -1.02301 1.97564 2.06339 -1.3136 0.36859 4.59953 -4.58738 3.03451 -4.72102 -4.97906 -1.56504 -3.89734 -4.3286 -3.66417 3.95936 2.28183 
-3.33743 -2.44392 -1.13942 -2.16184 0.431168 0.360245 2.12109 0.983931 1.67338 0.328407 -1.65106 -1.48242 -0.682493 -1.26405 3.68491 -3.50183 0.916122 -0.655642 3.81106 2.72805 3.1371 -4.96047 -3.46578 -2.49369 -0.758778 -3.16468 -1.27831 -4.65023 -3.55647 2.17952 -1.66832 -0.0311006 
1.30597 -1.00348 -4.67888 -0.0610004 1.26836 -4.14783 -1.18287 1.27306 -0.389103 -0.428452 -4.38928 4.10495 -2.88305 -2.68931 1.02752 -3.59555 -3.55279 -0.110128 -1.14282 -4.38798 -4.00031 -3.36276 2.22839 1.26969 -3.05882 -0.480535 -1.28339 -2.93603 0.610871 4.84037 -4.68064 -4.50137 
3.498 2.44821 4.66103 -0.268171 2.19886 -2.7915 -2.87574 -1.74643 1.95142 4.08679 -2.09431 -4.68127 -2.82144 -1.88817 1.97884 -3.74006 -4.12703 4.34211 1.34705 -4.89914 0.823427 -2.7029 -0.075877 3.93965 -4.98305 4.24032 4.1084 2.03435 2.79706 -0.214549 -1.59519 3.524 
-1.87301 -4.67077 3.96594 3.47987 2.53939 0.588767 4.45695 4.7618 -0.717353 3.41584 0.857112 2.67023 -0.0946603 4.92355 -1.39022 -1.93081 4.53478 0.773431 -0.319883 -0.0075452 1.45722 4.50519 3.7756 4.18151 -0.757309 3.18839 -2.85049 1.13343 1.67833 -2.10604 -3.16138 1.87586 
0.31249 0.263072 4.70679 2.60489 -3.75233 2.94292 3.75753 -2.24857 -4.59012 4.5729 4.68372 -0.10356 3.32733 4.64582 0.852985 1.07501 -1.73526 2.36047 -2.0665 -0.202302 0.719566 -4.79555 -4.25035 0.677959 1.80796 3.27747 1.8622 0.969981 3.03415 4.06221 -1.38609 0.359778 


