10.2786 14.0306 -11.5011 -9.89901 -54.8662 5.40492 19.5587 -33.2226 41.202 31.1423 -31.557 -22.0771 -33.6102 29.5313 49.5815 30.6132 -49.0124 5.07442 22.6097 10.3802 11.8256 9.20266 61.4837 9.29539 23.3686 -69.0631 40.7139 52.661 -33.9977 -49.6214 -23.8488 -58.8884 27.1397 -23.4394 -54.4582 3.5354 -69.173 7.63314 -3.12869 -12.5001 46.6505 33.4811 15.6973 -8.76835 32.6571 -23.2618 43.6163 -51.9368 18.4165 24.8866 -10.8045 -24.0278 -21.5939 21.9607 -94.2333 -35.5648 52.3117 12.7482 16.5774 -11.7734 -19.2025 -4.6514 8.38956 -40.8786 
-12.4378 -56.7321 34.1643 38.5813 -10.7453 -3.76119 23.8873 19.1552 -6.56193 -36.7698 27.0043 40.3384 3.93026 -1.7229 10.3192 -19.3325 12.4577 29.3002 35.9278 -15.091 12.6613 38.9897 1.44018 33.5032 42.2904 10.2293 -54.7928 -31.0721 11.3984 55.8263 -36.6595 -7.87301 -38.4711 20.6899 -14.5174 46.5257 72.797 35.2384 17.7777 -0.331448 -36.0558 -40.0893 -2.51732 -41.3188 -7.65949 -33.1584 -12.3208 -6.60906 1.72318 -9.55327 11.1162 -7.10347 21.2116 -35.4805 25.6884 -10.296 -27.1286 1.44033 -2.07821 27.6857 -32.2565 -46.5788 -26.1556 10.6335 
34.1621 -36.9178 11.1024 -40.9246 87.5322 21.5583 -38.6567 35.0383 71.5981 -6.62705 -16.3026 38.8079 46.7214 -22.8055 52.7007 -0.309904 12.4809 29.8786 39.5479 -12.656 -3.58473 -24.9905 -26.169 71.2474 24.9793 50.0668 -28.8605 -38.8608 -3.05413 21.033 -36.8013 4.50725 -4.07316 -44.274 -56.736 -4.76113 -73.6097 70.5619 10.2309 17.7993 -4.6015 -30.8606 1.84051 47.7305 -1.57292 25.9756 7.6798 41.1961 -63.9617 -38.2025 0.818696 -30.2315 55.572 -17.8404 -56.1002 46.5785 -7.55994 -64.1628 12.7529 -0.784542 22.3306 9.36228 -0.519926 48.1292 
16.0072 55.2888 27.451 34.2314 16.053 32.4468 -6.8966 34.9497 -19.903 -18.49 -43.0634 16.7479 27.8014 -45.1963 -21.7 -36.382 3.16365 -5.39797 11.1943 -37.2645 48.7634 59.9421 4.05803 -19.3791 2.31975 49.3722 -16.5937 -27.8567 27.3043 60.6096 -24.7076 70.4052 26.6104 30.1175 22.4833 39.103 -35.4955 50.6791 -13.8767 -31.122 -5.26021 -56.5619 -9.01229 -4.60593 -29.0379 61.1468 -9.03458 -19.2789 -28.8751 -23.1771 13.4676 4.61931 -0.453483 6.61131 20.1716 -58.3428 2.14409 -28.4321 -28.3091 33.6385 20.5982 -20.2283 19.4931 28.7491 
-29.9992 -55.7219 19.6971 59.1199 40.2774 27.3746 -99.5375 -11.1051 -39.0246 -51.5303 3.13963 -9.70439 -36.3083 -6.21875 -37.2586 -66.8728 3.13255 -17.9383 -36.7607 5.42289 -5.96245 -20.39 -72.0822 -46.398 35.1346 17.5072 3.40437 -92.7531 20.9638 62.0761 2.30428 26.844 19.6002 57.2536 53.7627 7.18442 60.263 -37.8629 -12.2815 -30.3184 20.2204 5.8176 29.8878 -17.3016 -10.6636 -32.5753 -9.03714 19.6096 -7.47772 17.0263 19.677 26.1629 -52.8903 -7.65652 28.7524 8.23874 -14.2963 13.5987 70.0094 31.2449 28.2623 9.269 -39.1295 42.7429 
9.57863 -20.2024 -14.5806 16.7638 -20.725 -1.39347 -11.2737 -0.863662 51.0389 75.971 9.30419 48.9547 -4.50304 30.052 36.1565 29.4228 -51.5477 46.6609 10.1519 11.349 -10.0396 -27.124 -20.9238 -27.3461 31.66 -13.5511 6.77445 22.2885 -57.1005 66.3178 -19.0666 -52.8434 -45.7083 -37.8454 -45.852 54.6236 6.29762 1.90114 0.855228 42.0178 0.394613 21.4329 86.8859 -11.6219 -18.6873 -18.762 10.8123 120.631 18.5504 11.0236 -28.3033 16.8878 34.1323 6.78111 -66.9461 -2.2029 31.4762 -54.9674 5.1001 -1.31972 34.2815 -78.3745 -5.46024 -27.3265 
-9.84001 43.8942 -33.8213 34.5553 -45.3404 48.3398 -11.0183 -63.8602 1.90078 -59.0651 -3.49694 -54.8014 -9.73915 7.65706 1.79309 8.37657 -35.4651 5.95784 29.0626 -20.693 64.4944 -3.39283 5.87334 -95.2984 -2.32177 -9.73302 13.9824 -13.1701 -50.3038 16.1318 -6.10946 47.567 29.4715 -2.4478 -19.923 -28.529 -38.181 20.9011 -46.2429 -52.6474 45.5906 -37.3427 19.4998 14.5886 -3.83034 27.5199 33.5165 -30.5113 -16.322 8.67736 17.7374 -25.287 -30.8123 -8.45709 -54.0644 -48.2888 30.9323 3.15997 22.0207 26.7615 5.72968 63.6488 -12.3198 50.5115 
20.1117 -19.4351 23.3393 13.2165 23.5476 14.3243 -8.55693 -20.4061 2.27216 -1.37021 -7.12749 -8.27034 -0.290794 9.6761 -4.80277 -49.8104 8.22371 -19.1251 -12.5921 62.0597 -97.4161 7.68029 -17.4852 0.0191379 -26.3852 3.51024 -45.2393 42.0784 35.0379 48.1708 48.3698 -19.5355 15.3336 41.6584 -3.43579 44.8905 11.9094 30.4824 -7.25162 2.21095 -30.5516 -21.8982 -38.9766 -47.7981 -23.0028 74.8626 12.2404 -53.6212 -18.716 15.237 -21.9573 35.9876 44.7337 21.8055 52.5781 32.5622 18.0744 67.5132 32.5804 3.93194 -28.8621 -54.8896 31.0609 -26.2402 
-14.5239 8.825 -0.300557 43.0416 -20.7369 -22.182 -24.4301 -17.3575 -39.4767 8.81912 33.2081 -6.90958 3.88043 10.0479 -82.8402 -49.0158 7.45856 -8.63827 16.7617 36.2618 -6.60609 10.3596 -21.2808 -38.8201 -37.0967 -41.8527 -62.5276 36.1025 21.0918 46.0059 38.6546 -23.0204 40.5371 59.1668 5.70813 43.2961 29.2103 16.2197 -18.7901 9.55679 -8.55742 -64.8971 -24.496 -91.0659 -54.3347 50.0868 41.7768 -58.9275 -4.44069 52.2403 9.6656 -7.63443 -27.1895 -21.1099 55.4276 -21.8705 -5.71791 82.9563 34.0526 -1.14276 -20.6685 -55.6713 -15.3673 -62.3259 
0.923698 -31.0374 29.9476 14.3068 -19.0508 14.5923 54.1171 -50.335 -0.81266 60.1418 7.85328 32.5902 35.6904 -69.4176 46.5691 0.951015 -27.0984 -21.8622 17.9808 8.79939 -27.9401 40.0333 -7.44296 -9.82827 4.50774 85.0687 12.6206 -18.037 10.0586 -40.1928 -7.12073 11.4359 25.0543 -15.0826 2.26835 29.1743 -38.1657 9.84107 0.430968 -29.9957 -49.5192 14.1341 7.11685 6.92597 14.4045 -77.5256 -0.35152 11.433 -11.4121 -28.8342 25.9215 -3.05459 25.5519 36.64 -14.116 -13.0579 20.6343 -3.87363 -8.61955 -17.2717 10.7775 8.52725 -28.259 57.5784 
-30.6804 -8.17996 -1.73528 10.5086 -7.4789 -8.84048 27.4365 -73.0861 -44.987 -24.7961 43.7285 -37.8185 -69.8736 20.6725 26.9961 -34.0375 -18.1332 -7.58201 -31.7967 29.3148 -81.7925 8.98664 -13.1351 -41.5295 -19.8591 -0.639168 16.0345 25.4072 -2.08316 59.33 55.9892 -25.8177 53.1397 -1.59067 -19.5474 -7.88688 60.0256 -3.00514 -5.94357 -31.9163 -12.6225 9.68601 -22.8637 -55.0712 19.6335 66.4186 12.953 -40.2267 -32.4815 21.6701 -8.07659 -23.2674 -5.97566 -4.97615 37.0248 -1.28616 37.3322 54.7272 50.4512 3.54538 -41.257 29.5054 7.84831 65.8971 
17.1912 -1.28625 14.1878 -8.46515 27.4883 -11.7983 -27.9162 24.6171 50.0819 73.411 -80.2644 16.352 3.77935 -4.56797 13.1353 -0.110641 -24.6114 2.85201 8.84282 -32.6255 47.2163 2.30966 54.5688 62.6398 13.8758 20.5165 -10.0262 47.3025 -15.2236 -19.2806 -48.0437 -3.65905 -20.2798 -15.2143 -43.4746 24.0719 -45.1985 -26.0631 -44.2164 38.7896 16.5604 6.35052 -33.8687 16.5428 0.223361 14.2071 42.6434 6.77181 13.3892 9.26341 -38.4823 -4.1102 -4.63785 6.34755 -21.6089 6.686 17.5914 -34.4437 5.91919 1.15018 8.83708 23.0667 59.6441 38.6983 
16.5659 15.6515 -23.0718 -51.3975 21.8439 -16.8653 12.8708 -24.0392 35.8419 -34.2438 -9.98382 -46.0644 21.8162 24.801 43.0013 38.8741 28.2893 -29.8994 4.23185 -12.7521 20.6963 44.1851 22.4691 -16.796 -21.6154 7.10835 45.7837 11.5843 -16.4085 -14.4952 -1.56404 53.6425 -26.3544 -35.0299 -10.7157 -33.323 -49.7308 23.3166 -3.91319 9.88819 10.3623 48.5219 -35.4918 20.4453 53.6845 29.3253 -18.0788 -27.4519 6.65856 26.2799 -11.2553 1.17959 7.11511 30.2127 -25.9265 7.19589 -31.4827 19.7645 -34.2988 -3.83097 3.00219 74.1892 26.8394 25.2461 
-18.4201 -34.2799 2.01707 -22.6193 47.5254 26.5898 -2.96224 9.03448 -31.0618 15.1872 -18.1991 -18.0821 -8.43247 -26.5074 -28.3851 11.5023 53.0997 6.57149 -46.2223 -11.3066 4.33453 -41.2237 -4.81096 29.5432 5.9348 -10.5397 8.44473 -19.3277 69.9197 -94.0826 -27.2934 50.8697 22.3748 19.8249 80.011 -1.89162 -4.11621 18.1223 22.8918 7.62701 22.9418 -59.7282 -16.2118 45.3977 0.0792866 -59.8235 -8.38554 -43.9266 -8.83771 -13.388 42.6151 28.4343 -23.9164 26.9292 24.5792 32.2592 -12.3422 2.81422 19.2671 -20.8595 0.463072 59.3988 -26.3223 -4.47407 
11.8037 -72.5716 0.0717602 -69.0971 -7.09829 24.3876 60.773 5.76678 0.00475454 67.207 17.3529 38.4928 -7.11096 1.77 66.6692 -18.4618 -31.0798 25.9864 33.3337 32.2752 -9.43556 -29.982 49.1271 30.2269 -12.4808 16.5052 39.0505 -16.9272 31.237 21.1096 -12.685 -32.4393 -3.02137 -24.0579 -69.229 34.6558 -43.8684 -8.54309 -5.22921 16.022 -24.4672 43.0753 38.0771 16.402 27.9102 -10.0442 22.0363 17.6334 11.2021 -2.83487 -6.86526 -10.0842 19.6116 28.4172 -33.8995 62.1079 13.5125 -17.729 -1.35535 -24.2322 19.6253 45.9619 7.34757 -25.4472 
-6.99688 -58.8421 -27.722 -35.1386 48.7051 -49.186 -7.78769 -32.8206 -25.8536 -12.4623 -19.2804 -18.4147 -14.9524 60.401 -11.1276 22.6663 25.2009 30.2969 6.10924 -10.2652 57.8345 43.7426 36.7849 -13.3768 -34.7707 -44.0681 0.54425 15.0619 11.6962 49.0291 12.2416 79.4624 55.5564 15.8378 -15.3868 65.3261 -55.9702 21.9719 -39.8821 30.7168 50.1525 -50.6486 -61.211 -62.244 26.0947 9.55412 23.2946 -65.4772 -70.9898 53.0809 36.9075 20.8653 -29.629 48.1354 -0.722172 20.3477 6.88131 18.7156 21.5751 5.2716 -7.96127 73.5338 8.42379 65.5109 
21.5603 -37.4643 -11.2327 -20.2627 9.20224 41.8744 -0.661985 -38.3295 7.76945 -23.8654 34.401 -32.6778 -13.7489 -4.08148 22.8285 -16.9212 46.3979 -41.1668 -13.4675 27.9491 -39.5205 4.88226 -53.0606 22.884 -9.72389 -5.04515 35.0329 -25.8382 52.9423 -21.6862 -16.0496 4.90109 -8.68287 -78.0063 28.6569 -2.09546 5.86646 38.529 36.004 36.3458 -1.14232 -8.47041 63.3803 28.8721 -29.4827 9.01436 -7.17955 -26.9269 17.4923 -2.18897 -20.1559 4.54743 25.993 51.5827 -8.05551 42.682 -20.5211 -37.1033 -1.72027 -33.0038 14.4661 50.5629 19.9177 28.8143 
22.2042 51.304 -16.308 29.5913 38.4777 17.1116 -15.9212 -46.2485 34.8612 -16.3543 -56.1521 14.8783 6.19207 -7.14564 5.70272 49.1357 -19.5976 -42.0593 -36.0742 -46.1911 24.6713 48.5099 28.0305 -18.0645 -7.86153 51.9396 28.7616 -7.64629 -37.5328 -12.1078 2.7175 70.4734 -47.5036 -49.6775 -8.1801 -16.338 -34.8183 -1.86721 -23.6171 -9.06421 18.7963 24.1753 15.9149 46.269 18.5639 -8.53956 -14.4119 37.5607 6.76392 44.6695 -24.8122 -46.8507 18.797 -33.0368 -25.7745 2.47903 20.4462 -43.7638 -39.6645 80.1787 56.7218 14.564 40.9595 22.2805 
-10.1953 22.1189 -61.2273 16.1621 -10.4226 -17.1199 54.0865 -38.4211 -22.2374 -51.1593 55.4977 6.14112 8.10649 8.19297 13.5387 64.3266 5.86582 77.7958 7.55342 -35.0042 30.4716 -38.3043 -2.85763 -28.9257 -65.8986 -53.961 38.7306 1.07877 -31.7754 31.6656 22.6395 13.3955 0.698481 -0.349779 -30.8051 -95.0643 -0.729323 -56.8563 -9.8464 -2.55623 -12.8819 21.3454 -0.750749 18.9373 -9.31024 18.5803 -8.79316 26.3546 -14.1267 64.8255 -24.329 -31.4546 8.6198 -32.6095 14.9882 0.0920553 -17.9821 -11.2172 -45.0886 10.6862 6.21728 29.6365 38.3185 81.1236 
59.5173 -73.6901 54.4515 41.5422 45.2255 36.1968 -81.1092 33.3427 27.0233 -42.173 2.36752 19.5427 29.1058 17.0008 -17.4802 -38.0555 -1.60371 11.8433 20.8921 33.1828 -51.5982 8.89996 -30.9965 29.8829 -8.02103 -17.1976 1.74967 -2.81003 26.9799 62.5267 49.2147 -50.4093 -1.88116 22.5236 -41.5758 31.5586 -38.5377 21.8828 24.1758 62.8819 -35.3038 8.98927 34.015 -12.8904 11.2116 4.70513 -13.2442 -2.63904 14.7772 22.1337 -33.7468 48.9389 5.95684 -1.20729 -3.59935 24.9255 -35.8879 28.5217 -29.5949 -9.20146 64.8976 -75.8486 14.4106 -63.0985 
-7.03635 0.0847063 -39.0354 -12.5178 -3.67404 37.3222 6.26091 -11.8967 -9.78626 -2.65161 26.6423 12.1418 21.0902 24.4124 11.468 30.5699 -33.0734 -16.5419 -40.7027 -4.18097 -10.5994 17.7197 -21.449 -80.6553 -29.3999 29.4201 97.5351 -45.7963 -52.4945 13.3103 58.6023 49.9371 -11.0509 -25.4185 22.7626 31.1262 -36.5373 14.6678 9.08539 -2.38191 -2.51428 44.8345 51.5373 48.8671 57.8674 -55.0288 -54.091 67.0202 20.2028 -0.615226 12.1413 17.3897 -17.6749 46.6855 -35.8911 -14.1271 -3.77296 -64.3211 -47.66 13.4058 76.7148 18.5822 -35.6465 -18.1455 
-44.593 -42.3542 -18.8498 -28.3551 -16.8994 -32.9042 -9.367 -9.35478 -38.8475 82.2926 39.0235 -16.4285 4.27113 21.1578 -73.9233 -37.4628 29.6668 -19.831 -16.8955 73.6871 -7.04935 8.72233 -33.0642 -18.2929 -14.763 -16.89 -17.5793 2.64157 43.8226 55.3391 -13.5021 5.27816 41.8464 23.4668 59.7468 106.034 28.9858 28.254 28.4509 10.3026 2.79833 -28.324 -15.4965 -87.8799 -53.618 38.2535 30.9925 -18.1883 32.309 0.228905 16.5948 50.0686 -56.5076 89.3954 42.5352 11.4884 -27.2427 25.2069 43.1766 -33.1864 -29.8438 -24.2841 -40.9549 4.26391 
-8.85729 9.63454 -42.2679 -47.239 18.6699 -28.4832 35.9509 8.02794 -43.6964 68.6856 -1.14191 15.1616 -67.0948 59.147 -16.2421 42.5883 29.8646 -14.188 -80.0739 -12.6592 11.6235 -8.62494 14.3159 -5.9854 -39.504 31.046 56.1584 34.4655 -4.61681 -9.61802 43.5991 16.047 35.4917 -11.1102 51.0938 40.8607 -1.13864 1.56246 -2.32323 8.31288 58.3879 50.1366 12.1275 25.4245 33.6641 -10.077 -14.2358 63.0345 -48.5712 18.8666 35.538 -16.1249 -12.2625 7.96574 -7.98589 12.6061 48.8108 -39.17 -28.708 36.5642 24.2257 9.52865 10.2612 -5.41146 
18.0007 -37.2519 23.4663 1.96276 42.8961 37.0581 -5.91532 -48.9617 -12.6065 24.5304 41.5908 -13.5332 -4.82547 -19.9339 11.9072 29.4956 28.9566 39.3328 6.39711 -9.30113 11.4768 20.2708 -5.89405 -48.2181 -14.0107 83.0326 50.6348 62.6332 47.6633 27.1701 8.24679 11.5909 -5.23109 -17.0562 -17.1445 -1.6502 -18.7627 79.9752 19.1456 34.5795 -19.4148 -15.0306 50.4616 21.9725 49.6652 40.2447 -6.99274 -3.01027 8.52285 16.9016 15.972 -17.2879 -17.493 -25.3688 -17.5268 -9.49837 -41.5062 79.7141 -34.5669 -20.8595 71.5353 63.9904 -18.9535 30.973 
-39.3334 17.9017 -49.1658 -2.27696 39.619 -5.0359 -56.1624 76.21 -37.291 45.7734 23.9505 71.0929 8.0731 -4.3423 -54.4414 -43.1806 -6.57331 44.8932 -17.4977 -37.0356 54.7913 -37.652 -29.8185 33.5759 -21.6799 7.44979 24.5382 8.16622 -30.2886 30.9252 30.3722 -52.7767 40.3363 29.9844 19.4027 35.722 -26.8916 19.0714 -19.4846 -5.98142 43.0472 -41.2747 7.04572 -4.792 12.9417 6.05826 -1.38121 43.4123 -36.3939 -24.1923 49.8551 -40.8214 -66.3593 -63.2845 -13.455 -22.3443 -12.6982 -44.6393 28.0564 16.143 48.3561 -58.4864 -63.3278 -51.6135 
25.3965 -74.5985 59.2632 -22.4794 -33.0966 2.33501 6.93156 37.163 13.135 -10.5202 5.4651 -46.7776 22.9909 -8.27403 27.613 -20.3185 6.86606 36.9141 85.9476 37.9879 -4.31412 -15.4184 27.3291 63.3601 21.2111 -71.4785 -23.2862 5.59567 59.5757 -7.69768 -38.1041 -51.9389 33.7313 5.10778 -51.6353 -17.2067 -38.0295 -9.38846 22.8573 53.1694 -34.43 -11.0287 -30.2985 -30.8843 0.706946 14.1285 30.3701 -78.7796 24.6663 -18.5685 -12.4421 52.8605 -13.7007 27.3407 -4.2481 22.8047 -37.6009 74.2535 8.51596 -83.277 -46.6576 32.1761 6.07383 -35.9519 
4.35488 9.89179 -60.2278 20.9083 -16.59 33.564 -36.026 -32.873 18.2197 -47.5974 28.2173 16.424 -13.6888 11.2441 -2.23418 18.2216 -20.6337 10.2596 24.3302 -9.51744 22.4381 25.0101 13.0076 -26.2023 -18.6001 -66.9769 35.1087 -54.8073 -45.8413 44.6017 20.3942 28.9239 -17.8842 -50.1674 -66.2325 -5.34865 -16.2993 16.4442 6.56142 33.7917 39.5205 -26.3544 31.3141 4.64663 2.47232 11.8359 2.79438 -17.471 28.8668 87.4599 -43.4586 -70.5085 -28.1821 -5.76386 -41.0285 -10.8724 -23.7193 -58.494 1.47155 18.6548 5.2939 22.455 17.087 -21.0433 
-19.1577 14.0481 -33.4352 -6.34012 19.1263 15.6605 -33.9444 37.3162 13.3034 -6.68994 -15.4152 -15.7045 37.1003 15.5606 -20.3854 59.1442 11.721 4.4967 -13.3211 -42.9296 47.4181 22.9225 -10.6953 22.752 1.77549 26.2727 22.7493 -9.88242 -41.5655 -13.6654 -9.1464 63.8856 -7.91237 -39.3625 34.3413 6.2574 -27.05 29.1136 3.63328 38.9183 27.4255 -28.0114 -34.7305 52.8107 17.5968 10.8569 -27.9328 17.0448 5.87755 -11.1112 10.4284 -24.3478 -36.0537 -16.26 -11.2857 -16.2841 -35.2178 -51.7315 -11.6024 26.068 6.16023 51.9851 -19.4406 17.6379 
-0.783209 -6.68784 -53.624 4.34285 9.3725 -0.208954 -26.1562 -54.5875 7.86697 -25.1166 40.3916 6.54915 58.5235 -47.8947 -13.9827 14.9484 70.1993 37.3799 34.0506 24.3365 28.4476 -18.4914 -72.5274 -15.2133 -51.8259 -11.3754 -10.8668 3.63593 12.4113 -35.3418 -3.59217 19.8043 12.8672 53.0922 40.8848 -42.1914 -31.4185 24.2814 -20.4905 -35.1566 10.4406 -39.8155 -37.4912 3.02586 -44.0163 -3.87056 5.126 -66.1997 -19.4074 16.0644 8.71313 4.89614 4.4743 52.5859 19.3402 -7.73638 -63.0207 25.4199 20.3977 -46.7139 -23.7875 0.188887 3.1314 104.994 
2.77123 53.1243 38.4447 -74.422 56.6688 -71.0125 22.8886 92.6082 39.0208 68 -63.1489 -14.9171 25.4585 49.546 -53.3999 39.0611 26.2992 -49.7631 -64.5334 -26.0815 -3.60299 -32.9899 40.5443 66.2557 21.8622 30.661 -58.9522 69.717 13.2555 -103.402 -45.8863 1.85791 -67.4774 -0.572372 40.9484 -3.36311 33.4139 -9.37659 35.0434 40.0186 -30.6432 31.2546 -35.6768 48.4727 -21.6365 3.69603 1.87432 51.1022 32.8257 -35.6201 -15.0443 11.3928 33.8351 -16.8167 37.9891 21.1338 8.1263 -21.2381 -56.7888 3.18035 15.1524 -4.98729 20.9048 -55.7474 
8.39625 34.1414 10.3446 57.3508 -52.7633 49.8144 -23.9437 -3.58289 -10.4385 -23.1978 11.036 -80.6669 18.7391 -47.8512 -5.15421 0.985744 4.07061 -50.2957 6.86514 -17.1106 -6.88839 19.9773 -50.4936 -38.7679 9.69748 7.17321 36.0589 -18.4945 8.88548 -28.5272 3.6616 29.2397 11.2643 -68.5434 58.3155 -54.5978 -5.11785 -28.8242 14.7902 52.7494 -2.72082 -3.88339 34.9233 32.1595 -8.6006 12.4009 -31.055 14.8313 38.5001 -15.6482 3.65466 40.5355 -22.7213 -14.0173 -4.72259 -21.7742 -25.6073 27.7716 -10.4154 -27.1949 7.69644 54.089 -17.9861 -45.1444 
38.3542 -14.1552 -30.9092 28.9893 13.4598 85.5008 -41.8221 -85.8386 9.77071 -48.2462 19.8639 57.7462 -15.0994 -37.4934 -4.55914 -16.7664 -10.1303 10.4548 18.8508 19.7365 19.9562 -8.61626 4.46346 -72.4604 -28.0896 4.74501 30.3089 -62.2275 1.76631 19.4106 36.4254 28.2307 -40.8944 -5.07434 -51.5024 6.70131 -30.2974 55.8816 -21.6761 -40.267 29.0305 -44.9821 94.6087 28.6518 9.23474 -42.6671 4.36349 -8.67376 14.2026 44.6769 -11.7639 -39.6561 7.90357 3.27053 -47.2641 25.6305 -6.24639 -30.1246 -10.731 27.0718 77.1065 -17.2073 5.9432 -26.2738 
13.6732 -18.1981 23.7572 3.4413 -77.0569 57.9899 83.1029 22.7237 3.06965 93.4525 27.1253 -14.1637 9.39655 -53.1924 50.6364 -26.7278 -4.66678 5.49177 37.9726 13.5883 -25.6127 -25.8639 13.3526 42.4626 -18.3785 7.24953 27.5806 27.4723 23.8147 -19.3576 -14.4116 -56.0585 32.9872 -50.0816 -13.8208 16.1461 -27.1769 27.5796 10.9148 48.6416 -45.2489 -7.92983 -4.99292 22.6022 1.5569 23.7693 25.6657 12.2103 30.0176 -27.9626 -15.258 28.9535 11.6941 17.2372 -9.01708 4.22692 6.73582 9.80673 -27.1955 -52.3456 -32.97 -1.45277 23.6305 -55.4803 
-9.01361 14.5587 -9.15109 5.95985 -39.8734 9.22071 -67.5588 -66.7663 9.92155 -34.102 25.5418 -2.19829 10.6975 -70.8447 -1.97996 -34.1375 -43.9024 -29.6554 59.5243 40.3346 -0.667048 21.9933 -7.01014 -55.8015 30.1387 6.39208 -13.8111 -56.2537 -16.942 -8.03032 5.81407 0.0266514 -45.8884 -47.1055 -48.4696 -42.7 25.9894 -32.6844 -14.6083 -28.0701 3.11088 -26.0379 35.2512 -31.3721 -0.357376 -10.6054 1.38069 -30.2284 62.1747 -25.8019 -17.844 -31.0118 -29.7338 -0.278421 -14.8629 8.8296 -42.8557 20.3498 61.6744 -47.3463 -8.47615 40.9687 -43.0536 -9.75749 
9.57484 47.5313 -5.93388 -16.8497 24.4265 -32.3269 28.4281 25.584 26.0016 -27.9967 -15.6523 22.334 -13.1544 1.70898 27.0342 -5.16243 45.4782 21.3766 26.4084 -43.7137 27.5374 3.87673 22.5613 23.3689 15.6705 11.0833 -81.6243 42.8425 0.320629 -12.5574 -39.7667 5.37548 -42.9738 44.9412 -25.3277 -26.5154 42.0276 37.8856 -20.9715 -18.6821 14.0488 -39.2152 -44.2506 4.11868 -23.6203 45.5243 10.1893 -45.5949 -55.1369 12.6677 1.65628 -54.3627 69.015 -45.125 15.0707 -28.2025 7.57179 6.77937 11.4864 12.1498 -62.0073 -1.1966 35.034 32.0049 
-5.47361 19.9442 -30.0127 4.70829 -22.782 -38.7603 44.5015 -38.7133 9.25572 17.243 8.22366 10.2593 -1.1765 -10.0644 -32.7766 5.60147 17.7466 -8.2109 -21.8063 21.2495 0.368584 -29.7392 25.5905 33.847 -36.8075 -22.2193 1.61634 12.2169 3.03459 -21.0038 -19.4086 -29.1331 -8.87892 26.4131 -0.404551 -48.7683 13.2917 -80.2332 29.3586 -49.7598 -8.09191 80.055 -19.5175 -5.09179 -47.1986 2.51651 26.9354 7.12448 48.1067 28.2531 -53.0623 12.3761 -3.91461 45.8053 25.5176 18.4341 -6.46449 -17.982 -37.5241 4.51526 -25.7323 -42.7237 56.1181 108.609 
13.584 -48.8152 -7.28447 58.878 -0.58055 66.2318 -37.549 -31.6057 7.58477 -33.4294 -15.2959 -24.6937 30.5261 -10.531 48.3753 -45.1087 -30.5357 -34.5268 -0.306306 23.4184 -39.4908 53.1711 -49.5836 39.605 -12.1522 10.1299 66.7694 -20.5106 21.0427 84.1853 -2.2836 -8.9174 -4.8896 -59.7528 18.0991 19.3264 -42.6275 -46.1326 -26.7804 30.6625 -21.6274 45.3547 36.2158 -15.4962 -13.9493 53.173 -17.577 -15.6387 41.3564 15.1276 -40.8126 38.2364 3.85167 8.00026 2.1057 48.2587 -18.0195 8.59594 30.3969 37.9594 33.9858 7.03338 29.9947 10.2251 
-31.8336 65.712 9.64895 -29.2784 32.123 -64.6405 -29.0257 18.6131 52.886 46.146 -49.1756 -19.4467 -3.37573 55.4499 -6.85727 21.1472 -30.246 -38.3822 -42.6611 -29.8284 33.8057 -11.8701 -9.09111 -16.5713 70.7014 26.8088 -27.7951 43.6668 -53.0339 -28.0073 -76.7617 -22.1378 -39.9479 -8.40608 21.4255 4.92775 25.4638 11.9796 -6.85182 -35.8206 17.4114 41.1063 23.6618 -4.24624 -16.3194 2.11872 30.3076 66.6024 6.53068 -22.9598 10.1565 -34.2258 -1.72253 -35.4637 -45.4431 -41.4188 42.0688 -17.735 27.9508 34.2185 28.6761 -19.804 -32.6208 0.470203 
-9.61953 8.62998 -8.25548 21.8733 -52.1739 87.1227 48.0875 -23.2318 -4.43579 18.2085 -4.11223 -20.3358 22.2426 -13.937 0.124358 -59.6532 -89.0547 -30.794 3.89382 -2.61117 -0.888044 9.73723 69.6955 -55.2938 -45.2894 7.92692 63.4097 -34.0563 -40.6466 41.6501 34.5487 36.9682 24.0982 -18.7792 -59.3075 50.1323 -66.7651 7.81388 -16.7676 -13.0794 -35.0737 -6.52975 -8.18562 18.6725 34.9671 25.1871 31.2257 -9.71436 62.2378 7.04699 -33.2802 25.852 -46.3792 51.3184 -18.4078 -12.0768 23.9826 -39.6672 -37.1712 16.4167 35.0263 42.9174 13.6187 -9.98966 
-1.64881 41.5798 -55.3673 -23.1966 3.89785 -55.2049 32.8266 -48.2192 22.6915 9.21901 5.31026 -18.6536 3.35389 30.8681 8.29853 32.5584 -0.388741 55.2988 5.44255 0.681149 19.7297 -55.0357 13.6501 -17.6983 -46.3898 -95.2956 3.38218 79.8425 -30.0727 -13.6362 -1.57254 -38.9956 39.7927 19.4538 -34.508 -49.6159 -62.7932 -15.9267 -19.4709 -27.31 27.4258 0.98933 -21.1934 -33.3732 -22.1422 33.7715 51.0563 -21.0876 -40.9614 36.3562 -5.19632 12.3285 11.5154 22.117 -35.9049 -4.46246 36.1679 23.0088 5.24367 -26.5338 -10.9822 -21.2324 28.0192 51.4462 
-26.7564 -80.0747 -3.58435 -45.0265 67.6337 -28.3372 23.1826 -46.5738 16.6238 46.0704 10.4019 20.7249 20.7881 25.7132 19.5339 15.3721 9.20215 14.9401 -33.9506 29.8345 -31.0631 14.7172 16.7399 16.6308 -18.3971 -12.7291 40.334 4.52368 11.5153 5.18327 -6.67217 7.60003 20.6733 29.7396 -10.1735 64.1121 -43.5504 60.191 28.0052 -19.4929 -25.4418 21.1609 -51.3058 -38.3099 51.6261 -44.8497 18.0215 -33.3928 4.6576 47.3869 4.65788 11.5569 -23.3538 70.2905 -5.68986 26.3007 -16.6681 25.2064 4.77602 -1.05332 14.313 -9.71751 -19.4852 45.0602 
1.32464 13.0951 -22.8697 23.2471 -41.6542 -8.19776 5.27674 24.0447 -4.1526 -3.2331 18.4406 -4.66641 75.4543 -10.3137 -24.2773 -0.436703 3.15767 -19.3741 2.3982 4.48704 -1.49876 33.68 -39.4366 11.0728 -38.1495 -10.792 31.6096 18.1495 -18.0538 -20.1683 26.7191 -9.90298 -12.5537 -4.37734 55.7943 6.19236 -25.8323 -44.2772 7.51823 25.1442 -31.2433 27.0513 -6.72338 -2.75076 -13.2576 -23.8574 -42.3521 3.89124 48.2047 -32.811 -8.07746 71.9806 -7.36216 48.9657 23.2426 -18.9543 -46.2076 -16.7274 -47.07 -32.1707 14.7994 -39.8325 -8.13112 -4.19991 
-33.3188 78.903 -94.3593 25.1861 -26.2271 -1.05898 1.55513 -17.9594 -33.1963 -15.6496 20.576 23.8444 -3.11754 -24.2898 6.24569 45.2275 5.89946 10.263 -17.3919 -39.0369 72.2234 3.28191 -47.0223 -20.5805 -23.4669 31.6438 71.0917 -44.0316 -51.2338 27.3158 -1.62355 19.7164 42.6441 -14.2201 60.0675 -68.1758 -36.2241 -51.0938 -20.6852 -80.1944 71.7386 67.1559 27.5149 31.3292 -10.6054 14.2538 -29.1783 67.8797 -42.9314 9.18094 38.3619 -70.9384 -33.5451 -49.498 -39.6683 -37.2114 7.37173 -50.8845 7.80195 70.818 7.32003 -8.95141 -21.9016 68.5348 
-20.9381 13.8224 -5.46695 -30.9953 53.4388 -43.8623 0.538616 14.0501 -73.4257 41.1487 30.6718 39.6852 -64.1889 0.724185 -71.7517 -39.4825 56.4345 -9.1658 -63.3679 -18.6989 21.2532 -34.8482 -10.1849 -29.9527 -48.032 24.1133 -6.94742 -9.30935 11.4094 1.34056 70.9088 13.8228 64.2739 31.5001 43.9751 42.0703 39.837 61.4833 -13.5338 -25.0656 35.8019 -57.63 -28.0977 -25.4872 30.0483 -20.4475 5.33158 47.6865 -88.4993 -7.30737 65.0775 -11.6695 -34.0177 -17.5778 41.31 5.08817 24.5725 -17.002 -14.0599 7.49854 23.7624 -36.1668 -19.2468 -18.8237 
6.1115 40.2603 -18.2124 40.1818 -2.45041 0.330652 -47.3548 5.23381 -10.593 -78.2807 22.0254 12.9921 74.284 -71.7796 -1.61083 -59.0006 -4.81962 -25.796 51.9736 -12.2957 3.00809 20.0795 -97.233 -39.2029 -29.5051 11.1612 -43.4787 -102.082 -24.7166 51.8844 27.6346 58.9728 12.229 -16.1822 12.7197 -42.3245 -5.25484 -42.4247 -54.601 -4.39655 -31.546 -52.5746 -15.6473 -15.5989 -66.777 26.9865 -25.2186 18.7742 -50.7923 -21.343 -2.60277 4.35157 38.3462 -0.547176 46.1925 -5.48797 -29.5886 -53.8352 26.6398 -18.6543 -5.50228 10.4452 6.40895 53.5314 
-4.89224 49.786 27.6611 12.2954 37.7719 -60.1424 -0.0464087 118.671 2.08031 23.0729 -47.8442 -19.169 41.0201 35.7303 -40.907 -30.0405 4.25549 -41.6917 -18.5957 -64.0311 4.86879 16.0229 -5.17018 53.1584 26.2059 13.4017 -79.1175 58.7968 17.8508 -0.296277 -35.4615 -0.0698154 -22.8469 16.7436 43.528 11.3373 19.9487 -57.8378 0.321117 77.7682 -24.0243 -0.00668716 -20.8688 -12.7579 -54.585 49.5211 -8.06232 31.1138 -21.3342 -5.01103 18.4872 22.7768 39.5574 -76.6903 43.6202 -12.1547 15.0971 15.2161 -2.21154 25.5152 0.794559 -8.32622 -10.1971 -80.1391 
-26.9954 18.5555 5.86598 36.1768 -18.9371 -7.25926 -43.2716 13.3203 11.8819 10.0204 1.30905 -73.3893 2.51721 46.7313 -31.0497 -0.584818 -38.5512 -11.9578 -27.5644 -12.9154 -14.8928 -18.0873 -19.9878 -59.3132 14.6528 28.0506 28.1931 67.8302 -78.3742 -0.656272 46.6656 -36.9688 59.4478 42.1437 17.1018 -10.3123 -28.7204 -18.412 13.2767 -9.71317 21.1538 57.6519 -27.2517 4.90387 53.4399 12.1846 4.99249 35.0197 -3.16503 -30.2543 29.2537 55.1546 -69.2354 -3.67829 -44.9864 -68.5777 21.9711 54.7962 8.72616 -7.13308 10.5944 -1.87605 -63.6111 31.1896 
9.69053 32.1797 -29.1003 14.5595 -24.194 -15.4916 -25.0022 0.43975 32.4201 13.8513 4.34333 13.3574 3.6528 -15.607 8.61899 7.44089 23.3189 13.2461 0.532415 32.9326 -42.2739 3.86482 -28.5646 31.8125 8.29695 -24.6656 -8.76413 68.1514 -9.62905 -12.1556 3.05325 -69.0838 -40.0414 9.1884 20.4135 -19.0621 26.0317 -16.1968 20.3136 -0.0859864 18.5566 22.2437 -2.75766 -19.9509 -22.1744 32.4162 -22.7643 -16.8371 33.8531 -13.7477 -32.7275 26.5323 23.6237 17.0166 1.66933 -10.5119 -24.2906 23.9376 21.6745 -30.4469 -48.3635 -89.058 14.3677 -11.9346 
-36.0347 -50.1936 9.59362 -1.0733 5.28585 5.8419 20.1176 61.5792 24.2302 20.7311 4.81485 19.1221 76.9163 36.6075 -17.7177 1.44051 -15.5433 -27.459 -16.4868 -8.16161 -21.4922 19.0438 -21.3526 41.3399 44.5383 30.381 -16.7304 -12.1567 -14.9827 -70.8867 -36.0664 -9.12985 -12.8666 53.7203 54.4685 75.2164 -19.1824 27.4513 59.189 -4.55398 -35.12 19.2201 0.828741 30.2758 1.74704 -117.082 -20.3721 -9.69446 26.3534 -35.1411 49.1387 14.8001 -1.56433 26.4143 -23.3139 -36.4453 -9.86586 -30.8668 -3.24334 12.4818 11.1701 -28.8718 -104.684 -27.7864 
-7.57354 -13.687 11.8596 -11.6512 -35.1615 -36.3043 -6.3058 64.9922 6.01941 18.1577 0.628893 5.97198 95.1393 -28.9666 4.79073 2.08269 27.3079 38.4538 68.4092 21.3342 51.4557 -7.66156 -74.4349 81.6231 7.15845 -47.3592 -36.916 -5.88499 20.609 -24.0723 -70.2068 -47.4331 39.4062 18.7749 61.2599 4.39291 -42.8773 -1.39943 -23.9705 -2.00658 -30.6924 -31.0228 -40.5017 -37.2511 -70.9933 -13.8624 9.81257 -25.7492 -13.3347 -70.7762 25.3339 38.1519 1.79791 27.936 18.8526 -19.0418 -43.8018 -1.11263 20.673 -56.0271 -36.3561 -60.2753 -16.3621 2.6676 
2.60289 -51.9531 -12.4409 -62.6099 25.7102 -50.2451 -6.07302 -2.59886 -16.1057 76.8713 11.047 70.0602 -68.9835 41.367 47.626 14.0015 -14.7398 36.5853 -13.1186 29.6264 -22.6489 -2.41181 34.1822 20.3974 -22.7939 -49.5932 45.3741 31.1431 -18.515 30.045 68.8003 -67.0156 3.08121 -31.4885 -56.145 65.0906 5.86463 24.7386 -43.5732 42.513 28.2142 9.20901 -7.18866 -61.3553 89.3305 -35.9395 -0.0319729 29.6777 -33.3011 43.2278 5.00465 -32.3109 -7.43435 -19.1573 -16.1051 50.5004 22.8706 15.4474 27.7097 -11.3612 11.0129 -47.7041 10.7306 -129.966 
0.255551 -53.0154 76.365 16.9819 10.1867 2.5218 -22.8316 19.4841 25.9147 24.7899 -5.14179 29.203 3.44536 -39.9573 31.8289 -15.5584 -24.146 9.20421 0.99123 7.67677 -37.116 -20.6494 -24.2391 35.5016 69.3312 41.0082 -10.439 -29.9712 6.00627 -14.0947 -38.4995 -53.56 -43.5813 -12.5966 -7.2248 -1.35151 56.9886 -12.7033 23.8381 -1.72936 -57.8596 24.7643 29.7973 8.20756 14.2155 -72.2054 -13.2666 64.9005 40.6202 -61.5956 -19.4085 29.3923 10.0363 -5.65613 3.78176 10.6927 -15.0878 -13.4332 2.62102 -27.5618 19.1878 -41.6126 -18.0567 16.4576 
0.866039 48.128 -50.8573 -19.4658 -4.38041 -21.523 -31.5591 3.7787 47.2273 -43.7038 1.52531 -14.86 26.3245 40.5226 -67.4611 2.81202 19.4665 -77.7306 -38.3774 31.6865 -45.6181 -6.22925 1.12712 47.3631 -32.077 -47.2855 -21.2749 17.1427 -54.9452 -88.5776 54.9687 -30.0196 -43.0254 -17.4597 17.233 -21.8119 7.64965 -2.13943 34.5673 -5.90779 22.4357 17.8634 -45.3149 15.7814 -5.98526 -11.4376 -9.42109 -31.721 50.3111 -1.74502 -35.3211 -7.02684 -2.37845 12.5591 7.09589 27.5912 -21.3435 -31.0155 -16.9358 11.5323 -26.4687 -61.301 2.72585 -59.9058 
55.1743 40.3406 24.6882 -25.0287 34.1417 12.787 -2.98803 22.3639 28.9846 -41.2506 -46.6386 -21.3257 -20.5631 -3.94885 3.09631 27.3604 23.7171 -17.8413 11.2186 -44.4661 35.8631 27.9978 64.5748 51.4163 17.1193 25.8928 -1.89967 19.1071 33.2836 -35.2111 -29.2396 27.8828 -22.9967 -63.0978 -43.3969 -51.0339 -40.0278 19.2389 31.5089 31.5478 27.3877 -1.55511 25.597 58.7742 10.7918 49.9836 -3.99649 -20.1861 -3.29282 -11.3559 -20.4334 -38.1291 18.8901 -34.4138 -35.8211 8.41937 1.49458 -27.8153 -59.6471 10.6795 23.7886 61.5934 49.9146 11.2822 
33.8109 94.2144 -26.2856 -11.6261 39.9873 -15.6458 -40.9792 15.6551 28.8389 -1.11024 -31.422 25.2137 29.4062 -5.30287 -44.5777 -8.31159 22.3425 -27.1532 -6.46589 -12.072 9.44466 -0.515365 -22.0862 -3.76638 -25.4319 -8.87529 -50.8147 57.1778 -5.68389 -63.5581 19.9065 -5.31424 -11.5003 12.3429 16.3962 -2.44507 -43.0923 50.6836 -23.4078 -5.05995 32.7647 -65.2266 11.7388 10.7994 -47.443 25.584 8.89165 -31.1553 -43.8161 -3.5209 11.8106 -33.02 45.8822 -17.8411 -11.5505 -24.4222 22.1702 -20.5583 -1.97157 -3.9893 28.7517 -57.2584 11.2363 -65.5583 
-11.2184 -61.22 53.1349 -24.5093 -2.44897 -49.4699 28.431 8.6932 -4.51899 -9.04617 -35.6765 -10.0558 -11.7494 40.7161 24.2263 -28.1294 12.2045 -29.1292 29.5977 29.385 18.1435 39.2825 8.77602 81.6443 50.9175 -36.0628 -72.6368 -30.4898 66.0109 15.5518 -98.2995 -14.4231 15.2694 13.4837 10.7258 55.888 32.7899 2.26786 -20.0007 -18.7571 -19.8373 -1.01781 -24.7458 -79.0673 -58.643 -9.62628 48.8407 -73.945 -20.7213 8.04811 11.3756 -25.0933 24.7603 2.04108 30.2812 25.6977 22.8987 25.7249 54.9138 29.3857 -56.1967 -2.2808 14.4863 2.2376 
12.8483 -43.0039 17.5894 1.1663 -58.7655 -10.9136 17.2059 -52.883 -15.493 -10.4027 15.4753 10.1228 -40.9643 -19.0457 40.2239 52.1207 -10.9504 9.68798 26.8443 39.3205 -24.8109 63.2061 37.4577 6.8934 32.5713 -51.5709 25.6029 -20.9314 37.9739 -7.23305 -12.1851 -3.08454 -64.4086 -69.0458 -28.284 -4.64283 67.064 -46.4295 26.345 43.8759 -13.7157 15.2947 46.6393 -38.1489 16.2749 -53.245 -35.6986 -35.1043 82.4046 26.0748 -44.4584 -6.07269 2.11766 24.8991 15.1672 25.0229 -35.3607 19.3621 -3.44423 -37.0066 -30.6744 21.6199 21.212 -41.145 
-17.1879 57.5188 -22.5883 -23.1183 33.1064 -42.7563 -33.298 -15.6844 -3.59041 -2.33221 -20.0741 -5.95876 41.0805 -16.8047 -88.7958 6.09851 -13.5532 -49.5194 -37.2399 9.87097 15.8746 -9.04621 29.5802 -20.4622 -36.6897 29.1701 16.3976 -20.6755 -22.7431 -52.1626 37.0322 31.1915 33.0587 44.0766 11.8874 -53.9261 -63.0567 -63.5204 23.6783 -75.2517 13.1947 68.2434 -47.1563 13.3968 13.9978 -10.9782 5.92467 4.413 23.6935 -3.07257 3.59053 -4.00314 -69.0418 25.9882 4.83158 -1.42806 -15.1419 2.20226 -28.2372 12.3141 35.1713 4.11682 -22.7838 56.5468 
-24.574 -7.54864 -29.0882 40.8908 6.3896 32.622 -40.9309 17.6712 -49.0299 -37.6612 15.2377 14.4062 -9.61636 -24.0641 -2.5752 -40.172 5.48388 11.5664 -23.8209 -8.00622 -29.7469 -10.5795 -41.9757 45.4652 -21.6207 -31.0571 28.4398 10.8083 21.4327 -18.0712 41.367 -42.956 -17.0375 17.4847 48.8257 -31.5797 46.9471 -56.418 -36.6933 18.7965 4.4449 -23.0494 -5.88975 1.97719 4.66603 -2.81562 -38.3894 -57.9838 18.873 13.3578 -1.44709 -17.0988 -18.286 -63.7688 61.121 20.8772 -34.7339 34.7232 56.7945 6.05655 -5.79937 -1.14719 -6.51486 -72.3911 
-43.9997 -26.1447 67.0852 39.5678 1.91352 61.39 5.55561 -22.3937 -8.33056 -25.9913 -28.6242 -57.3937 -45.018 -58.619 15.6094 -42.4593 -7.84974 -8.48759 -17.0155 11.3269 -75.1506 13.1106 38.0361 -14.9777 94.1408 48.2932 -44.9612 -44.205 44.9694 6.08079 -50.2969 53.91 29.5143 62.3204 9.1083 1.32949 67.9665 34.1045 65.4733 -66.3507 -10.7692 -41.5753 -72.9965 -2.84886 21.433 27.1319 4.69021 -87.772 18.3109 -29.5011 7.64198 21.8377 -32.0715 23.3115 31.4029 -29.4942 7.8269 70.2542 77.7208 7.17541 -105.642 54.5332 -41.4951 81.2295 
9.68227 -8.71731 7.85666 -43.4224 85.3452 -91.0062 -53.4848 46.5218 -0.258205 13.226 -42.2459 56.3347 -10.0462 16.4946 -12.7723 -42.3418 76.3259 12.1154 0.906935 -14.0015 79.7588 0.068737 -30.6264 33.3506 -1.29292 -3.3173 -68.5767 -6.28313 21.012 59.6723 -31.5134 13.4487 -14.139 47.1514 34.7754 55.0666 26.0753 39.389 -78.8779 -14.7346 36.7194 -42.1489 -51.6499 -76.0856 -22.0777 15.4813 13.1496 29.2765 -91.61 -6.84432 32.3571 23.4343 29.547 -6.89343 39.6749 32.9847 -8.75329 -7.25506 29.1069 18.2222 -1.34548 -75.6784 36.8027 4.98639 
42.5144 -11.057 52.6971 -10.0715 0.27104 14.1651 0.480619 23.2379 30.2292 -58.4283 -47.3064 -0.526398 -2.01278 18.8591 42.5878 29.2007 -35.882 -1.48794 42.4014 -29.3986 27.2203 25.9173 60.2975 -27.3151 58.7719 -11.3318 -15.782 -42.896 6.33103 -28.2826 -33.0551 41.181 -57.3722 -0.83645 -59.3959 -16.8972 -15.9792 -12.355 -1.30248 19.1788 -6.87926 14.6714 51.0206 36.7012 31.6487 -68.8669 -16.787 -9.69674 10.3996 11.6989 -1.29317 -9.6409 35.2321 -17.0036 -46.1971 -10.3337 13.6869 -5.89863 -30.4934 5.03653 31.7893 53.4552 1.86391 -64.6926 
38.5207 -56.7552 35.9956 -6.77179 11.2944 -53.0904 24.2512 -6.2874 1.47332 -9.89429 -11.4448 24.2284 4.2 41.5496 -0.0444088 31.6885 25.8707 -9.63535 21.1569 28.3513 -9.09712 96.7252 32.0068 78.3786 -8.70291 -43.8311 -19.6857 12.2717 64.1616 37.9494 -23.1777 -2.12423 -11.309 -21.0324 -28.802 56.0545 -1.8462 -0.00883675 29.6271 59.8046 -33.3572 23.8423 -2.2615 -67.2976 -29.3866 2.58757 1.49552 -61.1835 17.9748 67.643 -41.5975 -17.3849 28.1006 28.0234 33.7482 21.2951 -21.588 9.74979 -44.4215 11.773 -7.82167 -30.7091 61.8594 -1.12679 
3.97179 23.0568 22.3345 -72.5968 -12.9125 -44.3023 90.9336 17.6081 -77.6787 -5.16718 41.0997 19.3361 1.08601 2.0295 -4.60436 13.1898 33.5614 -32.8171 9.133 -9.62647 39.7252 15.7401 3.39176 -19.1041 -37.9174 -12.8538 -5.01306 -36.4621 56.0509 -71.1315 20.0765 20.6695 15.5544 -33.7515 40.11 3.32469 14.9502 47.8752 -24.7159 -5.01348 -35.9079 -44.0579 30.1699 -13.1423 10.528 -72.3025 -17.2295 -5.62161 -51.4618 -19.6488 76.5212 -55.0687 30.5582 -45.2922 36.7774 12.8247 10.8519 8.76478 -55.6419 -11.1961 38.1062 23.742 -28.5551 -147.281 
